10 1100 11000
20 1007.6 21076
30 1735 38426
40 1256.1 50987
50 1626.2 67249
60 1373.8 80987
70 1793.8 98925
80 1224 111165
90 1748.8 128653
100 1233.4 140987
110 1447.2 155459
120 1370.1 169160
130 1645.9 185619
140 1423.7 199856
150 1098.7 210843
160 1423.5 225078
170 1311.8 238196
180 1689.1 255087
190 1542.2 270509
200 1473 285239
210 1428.4 299523
220 1397.5 313498
230 1695.5 330453
240 1305.4 343507
250 1696 360467
260 1219.2 372659
270 1588.5 388544
280 1192.3 400467
290 1091.1 411378
300 1908.9 430467
310 1521.9 445686
320 1473.9 460425
330 1204.3 472468
340 1597.3 488441
350 1476 503201
360 1446.2 517663
370 1513.8 532801
380 1758.6 550387
390 1049.7 560884
400 1967.5 580559
410 1704.7 597606
420 1327.9 610885
430 1697.7 627862
440 1266.2 640524
450 1937.7 659901
460 1088.2 670783
470 1849.8 689281
480 1312.6 702407
490 1786.3 720270
500 1085.2 731122
510 1727.5 748397
520 1354 761937
530 1618 778117
540 1644.7 794564
550 1321.3 807777
560 1218.2 819959
570 1281 832769
580 1382.9 846598
590 1614.8 862746
600 1423.4 876980
610 1558 892560
620 1525.4 907814
630 1480.5 922619
640 1513.6 937755
650 1413 951885
660 1724.7 969132
670 1336.2 982494
680 1309.8 995592
690 1507.1 1010663
700 1334.4 1024007
710 1525.9 1039266
720 1475.5 1054021
730 1728.3 1071304
740 1186.5 1083169
750 1813.5 1101304
760 1221.3 1113517
770 1774.3 1131260
780 1417.5 1145435
790 1678.3 1162218
800 1514 1177358
810 1416 1191518
820 1478.6 1206304
830 1581.2 1222116
840 1523.9 1237355
850 1511.1 1252466
860 1576.5 1268231
870 1691.7 1285148
880 1509.8 1300246
890 1374.6 1313992
900 1806.1 1332053
910 1638.9 1348442
920 1134.3 1359785
930 1620 1375985
940 1395.2 1389937
950 1794.3 1407880
960 1403.5 1421915
970 1575.3 1437668
980 1424.7 1451915
990 1518.3 1467098
1000 1281.4 1479912
1010 1759.2 1497504
1020 1407 1511574
1030 1682.2 1528396
1040 1361.9 1542015
1050 1708.9 1559104
1060 1384.5 1572949
1070 1759.2 1590541
1080 1165 1602191
1090 1733.8 1619529
1100 1602.2 1635551
1110 1425.3 1649804
1120 1463.8 1664442
1130 1688.9 1681331
1140 1490.8 1696239
1150 1500.2 1711241
1160 1755.8 1728799
1170 1197.8 1740777
1180 1240.7 1753184
