10 1000 1000
20 1000 0
30 1000 0
40 1000 0
50 1000 0
60 1000 0
70 0 -1000
80 968 968
90 1226 258
100 1000 -226
110 1105 105
120 1000 -105
130 904 -96
140 213 -691
150 1000 787
160 1000 0
170 1000 0
180 832 -168
190 986 154
200 904 -82
210 207 -697
220 1000 793
230 938 -62
240 1000 62
250 1000 0
260 1000 0
270 1098 98
280 1000 -98
290 1000 0
300 1000 0
310 956 -44
320 1000 44
330 1000 0
340 1000 0
350 1000 0
360 1081 81
370 998 -83
380 1000 2
390 1000 0
400 1000 0
410 1030 30
420 1000 -30
430 1000 0
440 1000 0
450 913 -87
460 1000 87
470 84 -916
480 996 912
490 1000 4
500 1000 0
510 710 -290
520 840 130
530 379 -461
540 1000 621
550 1367 367
560 819 -548
570 1000 181
580 1000 0
590 1000 0
600 1000 0
610 1000 0
620 968 -32
630 1000 32
640 1000 0
650 916 -84
660 1000 84
670 1000 0
680 1000 0
690 1000 0
700 457 -543
710 627 170
720 833 206
730 0 -833
740 1000 1000
750 76 -924
760 1000 924
770 248 -752
780 1000 752
790 1000 0
800 993 -7
810 968 -25
820 1038 70
830 1000 -38
840 936 -64
850 1000 64
860 732 -268
870 680 -52
880 660 -20
890 1000 340
900 1000 0
910 1000 0
920 1000 0
930 872 -128
940 1338 466
950 1000 -338
960 1000 0
970 1000 0
980 1000 0
990 1000 0
1000 212 -788
1010 744 532
1020 873 129
1030 1000 127
1040 1000 0
1050 541 -459
1060 1000 459
1070 0 -1000
1080 1000 1000
1090 1208 208
1100 936 -272
1110 1731 795
1120 1000 -731
1130 1000 0
1140 1000 0
1150 1000 0
1160 1000 0
1170 969 -31
1180 0 -969
