10 200 3595.5227965087893 764.1359786085549 4940.908203125 1981.77294921875 0 0
20 100 3410.8634838867188 730.6754321358454 4940.908203125 1981.77294921875 3595.5227965087893 2000
30 100.3 3479.881823523569 811.70523075945 5458.81103515625 1981.77294921875 3533.969692301432 3000
40 220.4 3801.478610556266 603.3471649464284 5458.81103515625 1981.77294921875 3520.4173234819978 4003
50 100 3286.638211181639 634.572573450218 5458.81103515625 1981.77294921875 3620.2174002842676 6207
60 200 3618.3505950927724 700.7947567824519 5458.81103515625 1981.77294921875 3573.931957089786 7207
70 100 3985.1753247070315 656.5695601504441 5458.81103515625 1981.77294921875 3583.580841200351 9207
80 221.4 3565.8330607427174 702.6735087236246 5458.81103515625 1981.77294921875 3622.9258479120863 10207
90 149.1 3830.239521111041 465.66054056373247 5458.81103515625 1981.77294921875 3612.7492573965897 12421
100 235.7 3082.3839094237273 1235.253103026989 5458.81103515625 247.208984375 3636.058485631081 13912
110 113.7 3772.0191627844656 622.4282733804542 5458.81103515625 247.208984375 3555.843907223021 16269
120 363.6 3788.3189809398436 1145.9975577225164 5458.81103515625 247.208984375 3569.964972693167 17406
130 212 3900.5972194455753 968.2579242970863 5458.81103515625 247.208984375 3607.6959475997783 21042
140 141.8 3263.4555435073044 984.1729880920517 5458.81103515625 247.208984375 3634.504975158413 23162
150 167.8 3498.763075199966 722.8660342164334 5458.81103515625 247.208984375 3613.099438377238 24580
160 100 3380.198852783203 980.8827209475468 5493.606201171875 247.208984375 3605.7928492458705 26258
170 299.2 3970.262124046285 697.9319002112932 5493.606201171875 247.208984375 3597.5166002010883 27258
180 349.8 3075.686936899211 878.6962498142325 5493.606201171875 247.208984375 3634.3845211050498 30250
190 289.6 3689.4718797378114 700.5770913139648 5493.606201171875 247.208984375 3576.4751887134403 33748
200 132 3112.886590391214 1048.3510818893567 5493.606201171875 247.208984375 3585.405393309188 36644
210 132.1 3415.0015093841675 920.6021939259206 5493.606201171875 247.208984375 3568.976017588723 37964
220 177.5 3861.8193257592466 678.389481890355 5493.606201171875 247.208984375 3563.7984606245327 39285
230 255.3 3506.923637345315 968.597402134728 5966.842041015625 247.208984375 3576.6817298796254 41060
240 116 3523.2285314099545 564.6758501384387 5966.842041015625 247.208984375 3572.5982591199872 43613
250 200 3458.2565208740207 819.4371867528092 5966.842041015625 247.208984375 3571.319164930551 44773
260 100 3838.239444824219 451.6505550066861 5966.842041015625 247.208984375 3566.484638855399 46773
270 142.3 3535.675427992411 776.00259511868 5966.842041015625 247.208984375 3572.173098989132 47773
280 190.4 3587.199655356526 903.4422900203566 5966.842041015625 247.208984375 3571.1173996268194 49196
290 100 3662.0828361816402 591.4545018063739 5966.842041015625 247.208984375 3571.716628881406 51100
300 200 3935.6433826904295 726.668142188689 5966.842041015625 247.208984375 3573.451105029203 52100
310 117.4 3877.868860923858 548.0679839517544 5966.842041015625 247.208984375 3586.840838029618 54100
320 207.6 3601.221028763435 740.3269499137875 5966.842041015625 247.208984375 3593.0221691957695 55274
330 100 3667.204321044921 499.9806434765096 5966.842041015625 247.208984375 3593.3189579047926 57350
340 378.1 4211.810571605457 1165.42412016842 8003.333984375 247.208984375 3594.5852023459256 58350
350 218 3771.634462913014 1325.2703999768119 12071.29296875 247.208984375 3632.146630959183 62131
360 108.1 2928.284498357639 907.7608953914824 12071.29296875 247.208984375 3636.8749585183773 64311
370 191.9 3774.8730616328457 623.4723908425021 12071.29296875 247.208984375 3625.161197088328 65392
380 212.5 3520.702580537684 804.8630685371437 12071.29296875 247.208984375 3629.4294009192167 67311
390 100 4002.443930908203 627.5971470054076 12071.29296875 247.208984375 3626.101955598191 69436
400 259.3 4100.50373037083 674.4750518411879 12071.29296875 247.208984375 3631.444990059404 70436
410 157.2 4013.389594701714 499.6856925164016 12071.29296875 247.208984375 3648.0995973199106 73029
420 197.2 3718.5101115321536 627.467169265183 12071.29296875 247.208984375 3655.7970259855347 74601
430 100 3486.527077392578 632.9408952537163 12071.29296875 247.208984375 3657.412088797465 76573
440 200 3634.634194824217 685.4468440407243 12071.29296875 247.208984375 3655.209195891365 77573
450 228.8 3964.31951456136 788.1203427720166 12071.29296875 247.208984375 3654.692060655364 79573
460 100 3800.544974853516 437.63171426839443 12071.29296875 247.208984375 3663.3460914458133 81861
470 150 3892.5134825846353 765.4341658753875 12071.29296875 247.208984375 3665.0018629596457 82861
480 191.6 4005.3421423161435 691.8904881538949 12071.29296875 247.208984375 3669.0471851990396 84361
490 232.7 3928.6768789910225 679.1358493065211 12071.29296875 247.208984375 3676.5154691894004 86277
500 100 3835.7621394042962 675.4333494088119 12071.29296875 247.208984375 3683.1379647946596 88604
510 123.4 3621.264429621021 800.4670237592734 12071.29296875 247.208984375 3684.8412835595545 89604
520 275.8 3791.375667093454 681.4651516430828 12071.29296875 247.208984375 3683.977615956127 90838
530 164.2 3497.308006147228 827.9113948872875 12071.29296875 247.208984375 3687.1423219802814 93596
540 183.8 3823.3018498633455 560.0903546868002 12071.29296875 247.208984375 3683.8693852680667 95238
550 340.8 3740.8410258405083 611.8864934530689 12071.29296875 247.208984375 3686.5093464317542 97076
560 141.6 3876.196364925406 771.5351808670101 12071.29296875 247.208984375 3688.3520513740837 100484
570 236.5 3776.131643205767 901.5385380910208 12071.29296875 247.208984375 3690.962331530989 101900
580 100 3262.553098388672 745.1722303801832 12071.29296875 247.208984375 3692.8941919070585 104265
590 272.6 3720.8783912798644 687.6122956380127 12071.29296875 247.208984375 3688.806023061589 105265
600 100 3791.804137207031 420.73170340055145 12071.29296875 247.208984375 3689.6156208592106 107991
610 280 3664.5496697998074 1177.6383440191742 12071.29296875 247.208984375 3690.5532075989217 108991
620 116 3756.858595433732 426.53549450331747 12071.29296875 247.208984375 3689.9019037744856 111791
630 230.3 3811.962727687902 891.9775436763578 12071.29296875 247.208984375 3690.58954498461 112951
640 100 3232.1167937011737 791.9260323350934 12071.29296875 247.208984375 3693.014818205198 115254
650 298.5 3541.0780010076455 840.069030822002 12071.29296875 247.208984375 3689.0502404314952 116254
660 151.2 3364.0050073048424 768.2670391500375 12071.29296875 247.208984375 3685.345939534304 119239
670 200 3267.908955566408 747.7181772866735 12071.29296875 247.208984375 3681.322225531679 120751
680 100 3568.838604248047 718.564662424692 12071.29296875 247.208984375 3674.586422646729 122751
690 299.2 4012.3319676037177 559.1656891869056 12071.29296875 247.208984375 3673.7319017265045 123751
700 268.6 3750.188417572453 823.3255874924347 12071.29296875 247.208984375 3681.72517470493 126743
710 217.1 3659.875660225521 954.9044483021281 12071.29296875 247.208984375 3683.14597120604 129429
720 246.1 3822.6586188882507 766.7907940635214 12071.29296875 247.208984375 3682.76208180529 131600
730 141.6 3313.4373972402427 881.9844057442231 12071.29296875 247.208984375 3685.330206597446 134061
740 200 3720.604403930663 863.9446927853995 12071.29296875 247.208984375 3681.4431983373734 135477
750 107.6 3750.790788501612 763.815651522446 12071.29296875 247.208984375 3682.012911170695 137477
760 192.4 3705.536063275567 738.2621848974088 12071.29296875 247.208984375 3682.547038876397 138553
770 147.3 3816.6583890895495 615.1105443273349 12071.29296875 247.208984375 3682.8619009744198 140477
780 157.1 4042.3114595662073 850.9838056348784 12071.29296875 247.208984375 3684.2502928517965 141950
790 245.2 3475.378935921249 801.8619352071112 12071.29296875 247.208984375 3688.169678118819 143521
800 100 3731.027272460937 450.8966213560389 12071.29296875 247.208984375 3684.595298611181 145973
810 200.7 4279.11174122991 854.5730670747423 12071.29296875 247.208984375 3684.9112204053185 146973
820 173.9 4085.2351331135005 955.9849013969646 12071.29296875 247.208984375 3692.916056257748 148980
830 285.4 3691.787861642923 754.8964009464795 12071.29296875 247.208984375 3697.4426446417747 150719
840 106.4 3751.1022327394403 663.4688155623263 12071.29296875 247.208984375 3697.3375561777952 153573
850 226.8 3957.4767361326435 845.2905282365065 12071.29296875 247.208984375 3697.707491030784 154637
860 186.7 3625.58343227981 734.9593660315829 12071.29296875 247.208984375 3701.462353195094 156905
870 279.7 3784.3855402063036 949.2028577983893 12071.29296875 247.208984375 3700.5700929391996 158772
880 223 3357.682080844485 765.1717133967041 12071.29296875 247.208984375 3702.021063150107 161569
890 125 3694.1131169921846 1139.1816129494957 12071.29296875 247.208984375 3697.3331472865084 163799
900 200 3576.1971853027344 782.9931603106523 12071.29296875 247.208984375 3697.3087603597905 165049
910 100 3763.3957446289064 485.86326644231843 12071.29296875 247.208984375 3695.8587477879455 167049
920 384.2 4031.056499745304 609.0139899736669 12071.29296875 247.208984375 3696.2606365039805 168049
930 245.8 3458.559887754912 1027.3582810226799 12071.29296875 247.208984375 3703.7437840019484 171891
940 272 3827.7046756519985 678.7612223898142 12071.29296875 247.208984375 3700.2871423408246 174349
950 135.2 3564.1709063829044 974.6888194780872 12071.29296875 247.208984375 3702.2444340779803 177069
960 200 3637.442700439451 788.6650201390482 12071.29296875 247.208984375 3701.1981704125837 178421
970 100 3333.478168457031 719.0480167049808 12071.29296875 247.208984375 3700.4914292907283 180421
980 200 3632.075112792969 723.9235482037287 12071.29296875 247.208984375 3698.4684371297676 181421
990 100 3564.477233154297 537.4126692569018 12071.29296875 247.208984375 3697.744492495982 183421
1000 163.2 4095.8717112821687 652.7076683042748 12071.29296875 247.208984375 3697.021867310446 184421
1010 288.1 3631.053288161526 1102.6957565390812 12071.29296875 247.208984375 3700.520456128481 186053
1020 251.2 3730.973923895769 725.8404912842233 12071.29296875 247.208984375 3699.4611713469553 188934
1030 122.4 3935.9344354766645 637.4245927527795 12071.29296875 247.208984375 3699.874656269088 191446
1040 238.4 3783.6397238097757 676.4793902687435 12071.29296875 247.208984375 3701.374304215058 192670
1050 198.3 3400.083747005799 676.186754425107 12071.29296875 247.208984375 3702.3797732662633 195054
1060 146.5 3760.712521831005 1065.828939524745 12071.29296875 247.208984375 3699.3374359383783 197037
1070 100 3507.6684453124935 646.0733633068648 12071.29296875 247.208984375 3699.790401151992 198502
1080 200 3259.5763916015644 768.5103008942214 12071.29296875 247.208984375 3698.8273934837002 199502
1090 317.2 3667.3438780737692 1162.1274257038986 12071.29296875 247.208984375 3694.46762532376 201502
1100 154.1 3949.101309962584 931.6155459899381 12071.29296875 247.208984375 3694.0472664785866 204674
1110 192.5 3600.4845085480943 904.0968481585912 12071.29296875 247.208984375 3695.9532300651776 206215
1120 165 3995.7175363991464 1175.9398261977165 12071.29296875 247.208984375 3695.0702797004215 208140
1130 200 3841.052411499022 683.2763593791383 12071.29296875 247.208984375 3697.4348727389497 209790
1140 100 3722.3604770507814 719.7132554136869 12071.29296875 247.208984375 3698.7910986113716 211790
1150 299.2 3907.5134825680975 659.6206726863566 12071.29296875 247.208984375 3698.901862173754 212790
1160 116.1 3383.053624720743 731.6342900055716 12071.29296875 247.208984375 3701.794438793768 215782
1170 200 3587.8001622314455 960.9349758463579 12071.29296875 247.208984375 3700.088653932589 216943
1180 85.7 4302.350563432116 1524.8422149603277 12071.29296875 247.208984375 3699.0629212834415 218943
