570 81.9 819
580 0 819
590 0 819
600 0 819
610 0 819
620 0 819
630 0 819
640 0 819
650 0 819
660 0 819
670 0 819
680 0 819
690 0 819
700 0 819
710 0 819
720 0 819
730 0 819
740 0 819
750 0 819
760 0 819
770 0 819
780 0 819
790 0 819
800 0 819
810 0 819
820 0 819
830 0 819
840 0 819
850 0 819
860 0 819
870 0 819
880 0 819
890 0 819
900 0 819
910 0 819
920 0 819
930 0 819
940 0 819
950 0 819
960 0 819
970 0 819
980 0 819
990 0 819
1000 0 819
1010 0 819
1020 0 819
1030 0 819
1040 0 819
1050 0 819
1060 0 819
1070 0 819
1080 0 819
1090 0 819
1100 0 819
1110 0 819
1120 0 819
1130 0 819
1140 0 819
1150 0 819
1160 0 819
1170 0 819
1180 0 819
