30 0.3 3
40 20.4 207
50 0 207
60 0 207
70 11.8 325
80 12.8 453
90 51.8 971
100 29.8 1269
110 65.3 1922
120 172.1 3643
130 42.1 4064
140 0 4064
150 0 4064
160 0 4064
170 175.2 5816
180 157 7386
190 85.7 8243
200 40.2 8645
210 0 8645
220 0 8645
230 54.8 9193
240 9.8 9291
250 0 9291
260 32.5 9616
270 0 9616
280 0.2 9618
290 0 9618
300 0 9618
310 21.8 9836
320 3.2 9868
330 94.4 10812
340 153.8 12350
350 44.7 12797
360 0 12797
370 4.7 12844
380 7.8 12922
390 22 13142
400 30.5 13447
410 54.4 13991
420 0 13991
430 0 13991
440 0 13991
450 28.8 14279
460 0 14279
470 38 14659
480 32.7 14986
490 0 14986
500 0 14986
510 44.8 15434
520 57.8 16012
530 16 16172
540 51.4 16686
550 108.2 17768
560 56.5 18333
570 18.4 18517
580 0 18517
590 72.6 19243
600 0 19243
610 76.6 20009
620 19.2 20201
630 23.4 20435
640 0 20435
650 123.9 21674
660 25.7 21931
670 0 21931
680 0 21931
690 183.8 23769
700 131.9 25088
710 54.4 25632
720 67.7 26309
730 14.7 26456
740 0 26456
750 0 26456
760 0 26456
770 4.4 26500
780 0 26500
790 45.1 26951
800 0.7 26958
810 50.8 27466
820 24.5 27711
830 82.2 28533
840 12.8 28661
850 20.4 28865
860 108.9 29954
870 84.9 30803
880 16 30963
890 0 30963
900 0 30963
910 97.2 31935
920 148 33415
930 118.3 34598
940 36.6 34964
950 33.8 35302
960 0 35302
970 0 35302
980 0 35302
990 0 35302
1000 66.3 35965
1010 100.1 36966
1020 25.6 37222
1030 9.7 37319
1040 35.4 37673
1050 38.1 38054
1060 6.4 38118
1070 0 38118
1080 0 38118
1090 135.8 39476
1100 32 39796
1110 13 39926
1120 28.5 40211
1130 0 40211
1140 0 40211
1150 93.2 41143
1160 14.6 41289
1170 44.7 41736
1180 11.4 41850
