0 0 0
10 100 1000
20 100 2000
30 138.4 3384
40 161.6 5000
50 100 6000
60 200 8000
70 188.2 9882
80 111.8 11000
90 173.9 12739
100 126.1 14000
110 74.3 14743
120 152.1 16264
130 173.6 18000
140 200 20000
150 100 21000
160 100 22000
170 117.1 23171
180 199.7 25168
190 183.2 27000
200 100 28000
210 200 30000
220 100 31000
230 200.1 33001
240 100 34001
250 200 36001
260 67.5 36676
270 182.4 38500
280 150.1 40001
290 153 41531
300 147 43001
310 100 44001
320 200 46001
330 16.1 46162
340 210.6 48268
350 173.3 50001
360 198.3 51984
370 97.2 52956
380 204.5 55001
390 78 55781
400 222 58001
410 181.6 59817
420 118.4 61001
430 200 63001
440 100 64001
450 200 66001
460 100 67001
470 200 69001
480 67.7 69678
490 232.3 72001
500 100 73001
510 127.4 74275
520 172.6 76001
530 184 77841
540 89.8 78739
550 209.3 80832
560 116.9 82001
570 200 84001
580 100 85001
590 200 87001
600 100 88001
610 200 90001
620 106.6 91067
630 193.4 93001
640 100 94001
650 182.9 95830
660 202.8 97858
670 114.3 99001
680 100 100001
690 111.5 101116
700 188.5 103001
710 145.7 104458
720 145.5 105913
730 208.9 108002
740 100 109002
750 200 111002
760 100 112002
770 195.6 113958
780 104.4 115002
790 200 117002
800 100 118002
810 152 119522
820 148 121002
830 200 123002
840 125.6 124258
850 174.4 126002
860 106.2 127064
870 193.8 129002
880 185.5 130857
890 114.5 132002
900 200 134002
910 19.3 134195
920 225.6 136451
930 176.2 138213
940 160.3 139816
950 118.6 141002
960 200 143002
970 100 144002
980 200 146002
990 100 147002
1000 156.5 148567
1010 194.9 150516
1020 148.6 152002
1030 108.5 153087
1040 191.5 155002
1050 180.8 156810
1060 119.2 158002
1070 200 160002
1080 100 161002
1090 150.7 162509
1100 149.3 164002
1110 157.9 165581
1120 142.1 167002
1130 200 169002
1140 100 170002
1150 198.5 171987
1160 201.5 174002
1170 58.4 174586
1180 171.2 176298
