220 0.1 1
230 0 1
240 0 1
250 0 1
260 0 1
270 0 1
280 0 1
290 0 1
300 0 1
310 0 1
320 0 1
330 0 1
340 0 1
350 0 1
360 0 1
370 0 1
380 0 1
390 0 1
400 0 1
410 0 1
420 0 1
430 0 1
440 0 1
450 0 1
460 0 1
470 0 1
480 0 1
490 0 1
500 0 1
510 0 1
520 0 1
530 0 1
540 0 1
550 0 1
560 0 1
570 0 1
580 0 1
590 0 1
600 0 1
610 0 1
620 0 1
630 0 1
640 0 1
650 0 1
660 0 1
670 0 1
680 0 1
690 0 1
700 0.1 2
710 0 2
720 0 2
730 0 2
740 0 2
750 0 2
760 0 2
770 0 2
780 0 2
790 0 2
800 0 2
810 0 2
820 0 2
830 0 2
840 0 2
850 0 2
860 0 2
870 0 2
880 0 2
890 0 2
900 0 2
910 0 2
920 0 2
930 0 2
940 0 2
950 0 2
960 0 2
970 0 2
980 0 2
990 0 2
1000 0 2
1010 0 2
1020 0 2
1030 0 2
1040 0 2
1050 0 2
1060 0 2
1070 0 2
1080 0 2
1090 0 2
1100 0 2
1110 0 2
1120 0 2
1130 0 2
1140 0 2
1150 0 2
1160 0 2
1170 0 2
1180 0 2
