10 1100 1040.6492629616487 1409.9926961644953 5175.114013671875 28.60595703125 0 0
20 1007.6 622.8694155133871 1076.4556649578205 5175.114013671875 16.943115234375 1040.6492629616487 11000
30 1734.9 480.5255453360545 842.0343662473384 5545.89697265625 16.943115234375 840.9173525949432 21076
40 1257.5 864.9663095256573 1518.208236432753 5545.89697265625 1.184814453125 678.1993964691277 38425
50 1623.6 456.08523492655763 822.3800543063904 5545.89697265625 1.184814453125 724.2502578747328 51000
60 1376.4 860.998045793009 1320.8667981247324 5545.89697265625 1.184814453125 659.4943635236922 67236
70 1793.8 413.22156227189265 1045.5338338529782 5545.89697265625 1.184814453125 693.7350633107894 81000
80 1216.9 944.5216369102274 1467.3567931638156 5545.89697265625 1.184814453125 642.8764328388198 98938
90 1737.3 567.8193383405396 1118.388691506915 5545.89697265625 1.184814453125 675.9141396290756 111107
100 1252 919.5435456979776 1480.1171110317312 5545.89697265625 0.81884765625 661.2976157904569 128480
110 1449 440.0662976925103 1083.335846367326 5545.89697265625 0.81884765625 684.2283891411105 141000
120 1383.7 1351.6408158732502 1867.2278819522671 6582.666015625 0.81884765625 661.4751014371409 155490
130 1650 719.6014420276987 1438.8975675267632 6582.666015625 0.672119140625 717.8738033018905 169327
140 1417.3 605.0910224222853 973.5442009251587 6582.666015625 0.672119140625 718.0272042553355 185827
150 1106.9 811.963073427196 1372.4831498044323 6582.666015625 0.672119140625 710.0239817297365 200000
160 1423.5 404.3852091428478 909.3078727281664 6582.666015625 0.672119140625 715.3699292919042 211069
170 1321.7 1096.0597130618955 1793.535804894742 6582.666015625 0.672119140625 695.7215098616152 225304
180 1698.9 859.5768773234246 1353.4484409993047 6582.666015625 0.672119140625 717.9051751644527 238521
190 1547.6 950.7838820839256 1658.3056362185698 6582.666015625 0.672119140625 727.3250043217412 255510
200 1473 499.81668433495713 1011.953218135307 6582.666015625 0.672119140625 740.0867322052759 270986
210 1428.4 567.7884622155664 1051.13177342697 6582.666015625 0.672119140625 727.6996842096096 285716
220 1395.7 765.7871955072948 1398.3023406159696 6582.666015625 0.672119140625 720.0857778930665 300000
230 1703.9 810.4554921567839 1399.3809651739778 6582.666015625 0.672119140625 722.1174404635516 313957
240 1268.7 576.9712724015932 1061.157342322258 6582.666015625 0.672119140625 726.6649034625032 330996
250 1732.7 672.5076427132709 1192.8022734014512 6582.666015625 0.672119140625 721.138988310256 343683
260 1207.5 589.7788285091511 1065.6293112429619 6582.666015625 0.672119140625 718.8048830911237 361010
270 1594.3 563.6104562904574 1121.994623328098 6582.666015625 0.672119140625 714.6289188763272 373085
280 1198.2 879.9921811428065 1373.5739050551783 6582.666015625 0.672119140625 708.4399367233548 389028
290 1086.6 523.6321454833684 1155.072684871034 6582.666015625 0.672119140625 713.5658412958938 401010
300 1913.4 646.048024351899 1243.0719283172687 6582.666015625 0.672119140625 708.5550624724157 411876
310 1526.1 558.4519760464773 1107.5502691427157 6582.666015625 0.672119140625 705.7801624297299 431010
320 1473.9 847.5121179983496 1369.1104604441969 7597.051025390625 0.672119140625 700.7420231547271 446271
330 1183.8 551.8186130436691 1054.7619858192625 7597.051025390625 0.672119140625 705.4344255492524 461010
340 1621.6 1401.1170235451818 2170.725948165863 9247.5869140625 0.672119140625 701.5885723608259 472848
350 1476 720.2536476362692 1471.7450353591469 12775.593994140625 0.672119140625 724.7829873339286 489064
360 1446.1 526.5908402171948 980.7588071980259 12775.593994140625 0.672119140625 724.6502960490009 503824
370 1513.9 752.5643518821937 1313.6206242736932 12775.593994140625 0.672119140625 719.1241129821867 518285
380 1758.6 747.6355337669837 1250.2397008168712 12775.593994140625 0.672119140625 720.0731737231868 533424
390 1049.1 641.0195055117921 1280.6365371840282 12775.593994140625 0.672119140625 720.9528522475878 551010
400 1964.3 860.0693383859932 1568.6459106587663 12775.593994140625 0.672119140625 719.4593896524985 561501
410 1715.5 699.5134567238532 1311.768534275448 12775.593994140625 0.672119140625 724.2120864418864 581144
420 1311.5 854.645465332218 1348.8269478772906 12775.593994140625 0.672119140625 723.5039037559504 598299
430 1687 505.1509292683899 831.2728576866859 12775.593994140625 0.672119140625 726.3169266505403 611414
440 1286.4 881.7036730258628 1372.6711676542002 12775.593994140625 0.672119140625 720.3784173524571 628284
450 1886.2 505.86999248965367 1134.85612051267 12775.593994140625 0.672119140625 723.6152489248595 641148
460 1124.6 931.2112455522383 1516.6452299511545 12775.593994140625 0.672119140625 717.3924477144524 660010
470 1875.4 553.5458548790846 1187.2909351347246 12775.593994140625 0.672119140625 720.9746968123877 671256
480 1313.6 814.9994314660661 1549.0604606190195 12775.593994140625 0.672119140625 716.4240953694853 690010
490 1786.4 842.7959743009467 1448.3873661348944 12775.593994140625 0.672119140625 718.2656554650623 703146
500 1072.5 652.7254997313902 1175.3627778902926 12775.593994140625 0.672119140625 721.3510629014145 721010
510 1739.6 438.88698646824344 963.28326315215 12775.593994140625 0.672119140625 720.3452217635728 731735
520 1367.2 1092.7221800579289 1702.69342315146 12775.593994140625 0.672119140625 713.8093188825046 749131
530 1609.9 465.25520397593704 1055.2694228370106 12775.593994140625 0.672119140625 720.6007140893804 762803
540 1622 696.8588404644869 1343.998286192237 12775.593994140625 0.672119140625 715.3230188628739 778902
550 1346.2 1228.7267367825277 1838.221684348283 12775.593994140625 0.672119140625 714.9463609743715 795122
560 1224.5 561.9191785669838 1355.4893872622067 12775.593994140625 0.672119140625 723.5002173691671 808584
570 1281 995.5078057532559 1553.3169910004979 12775.593994140625 0.672119140625 721.0897764367284 820829
580 1373 509.7982231612512 871.9109945026056 12775.593994140625 0.672119140625 725.3065836584931 833639
590 1627 815.4638080805602 1480.8778546473652 12775.593994140625 0.672119140625 721.814681323587 847369
600 1395.5 474.46656706265657 1008.6971635507443 12775.593994140625 0.672119140625 723.5789269080684 863639
610 1604.5 806.2589636508166 1584.7462281370576 12775.593994140625 0.672119140625 719.6176840307894 877594
620 1512.9 435.74717478512963 1039.593729907243 12775.593994140625 0.6708984375 721.1733002600536 893639
630 1496.7 853.0149047141991 1470.5015327312965 12775.593994140625 0.6708984375 716.4215794112669 908768
640 1513.6 453.01428222656256 870.7331297711178 12775.593994140625 0.6708984375 718.634759922787 923735
650 1415.9 934.2977762632474 1522.4668271819137 12775.593994140625 0.6689453125 714.3525618887545 938871
660 1723.4 533.4370111379311 1027.1451679826503 12775.593994140625 0.6689453125 717.6202494645165 953030
670 1337.5 773.4371518691594 1214.7196165433481 12775.593994140625 0.6689453125 714.3487543566691 970264
680 1309.8 649.3047281341867 980.5356859560341 12775.593994140625 0.6689453125 715.1522069614658 983639
690 1511 982.8387448263522 1686.8201109580011 12775.593994140625 0.6689453125 714.2869132303414 996737
700 1335.4 961.6748214522894 1617.1907485075803 12775.593994140625 0.6689453125 718.2972212862192 1011847
710 1527.4 608.0961326967764 1324.1023227606968 12775.593994140625 0.6689453125 721.4673942304688 1025201
720 1487.8 831.8738629525345 1503.7843257127624 12775.593994140625 0.6689453125 719.803122961418 1040475
730 1729.6 518.2871091914963 975.7294265697092 12775.593994140625 0.6689453125 721.3830573242216 1055353
740 1153.7 879.1632528808484 1480.6815911804408 12775.593994140625 0.6689453125 718.1082232276032 1072649
750 1846.3 473.36196250979356 941.4992915990376 12775.593994140625 0.6689453125 719.8220360577906 1084186
760 1213.8 875.203930012377 1440.0744961754287 12775.593994140625 0.6689453125 715.6952537926122 1102649
770 1781.8 480.4830608361476 999.3992510514971 12775.593994140625 0.6689453125 717.4320127537012 1114787
780 1409.1 934.2991387801296 1471.9371608107806 12775.593994140625 0.6689453125 713.7043615202465 1132605
790 1695.3 753.6921991417904 1369.5177592901043 12775.593994140625 0.6689453125 716.4151070067303 1146696
800 1514 452.1991163044673 954.9614981947935 12775.593994140625 0.6689453125 716.9581904820443 1163649
810 1419.6 850.7397565328409 1628.1560663117016 12775.593994140625 0.6689453125 713.5577071189924 1178789
820 1480 681.2901564974421 1402.239170296942 12775.593994140625 0.6689453125 715.1901135394244 1192985
830 1586.4 860.7208280116092 1491.5505770921939 12775.593994140625 0.6689453125 714.7747090061496 1207785
840 1519.3 567.9101020161669 1005.5042644364537 12775.593994140625 0.6689453125 716.6668277688852 1223649
850 1493.9 771.4616792207627 1504.8819959438936 12775.593994140625 0.6689453125 714.8424942910398 1238842
860 1604.6 597.9077727674303 1255.8868098252676 12775.593994140625 0.6689453125 715.5171208834552 1253781
870 1691.7 734.2630714596463 1454.4392929138824 12775.593994140625 0.6689453125 714.0309659978922 1269827
880 1491.7 493.9116969529569 1095.588873881589 12775.593994140625 0.6689453125 714.2969602656692 1286744
890 1359.8 782.3207190000671 1367.388799601615 12775.593994140625 0.6689453125 711.7713510841421 1301661
900 1839 602.2445542568362 1221.8042353827104 12775.593994140625 0.6689453125 712.500736174775 1315259
910 1638.9 444.652241022942 990.0206664679565 12775.593994140625 0.6689453125 710.9803877281666 1333649
920 1144.8 1497.0753245483663 1999.3783731825743 12775.593994140625 0.6689453125 707.7472550338633 1350038
930 1604.7 714.4208522627131 1338.663061542164 12775.593994140625 0.6689453125 714.3842882018886 1361486
940 1413.8 984.1492846703876 1708.6044700567193 12775.593994140625 0.6689453125 714.3847141397674 1377533
950 1792 448.48231970923206 1020.300609009657 12775.593994140625 0.6689453125 717.1252551858638 1391671
960 1405.8 836.8077640400473 1331.1013192645107 12775.593994140625 0.6689453125 713.7100223958266 1409591
970 1575.2 529.5558406583816 830.5036217639116 12775.593994140625 0.6689453125 714.9255664323374 1423649
980 1424.8 868.9369562867621 1321.7429087337107 12775.593994140625 0.6689453125 712.896983764692 1439401
990 1518.2 459.8006309737417 944.3850233834136 12775.593994140625 0.6689453125 714.4264159236894 1453649
1000 1292.4 653.299292982049 1401.7930995434585 12775.593994140625 0.6689453125 711.7945755914046 1468831
1010 1769.7 847.7358067757111 1552.3838623794115 12775.593994140625 0.6689453125 711.2843744903836 1481755
1020 1419.7 863.6985719673679 1568.5652697944395 12775.593994140625 0.6689453125 712.8948168367564 1499452
1030 1681.9 529.5985924441642 1087.9695917618653 12775.593994140625 0.6689453125 714.3092536788441 1513649
1040 1345.3 921.8065807376826 1494.5905228030144 12775.593994140625 0.6689453125 712.2793852913273 1530468
1050 1701.9 482.967085098365 948.8863349421316 12775.593994140625 0.6689453125 714.105106529875 1543921
1060 1411.6 774.3879958704354 1370.9957551316265 12775.593994140625 0.6689453125 711.5849981421453 1560940
1070 1759.3 544.6871980333109 816.1225242126557 12775.593994140625 0.6689453125 712.1478524888685 1575056
1080 1159.2 848.6834207959981 1314.1941606188648 12775.593994140625 0.6689453125 710.2980191019536 1592649
1090 1749.7 848.6068250930078 1648.8054611225127 12775.593994140625 0.6689453125 711.2979708401508 1604241
1100 1595.9 670.3078124357485 1283.2069488526668 12775.593994140625 0.6689453125 712.7794018868811 1621738
1110 1432.9 714.1112431894879 1356.7585173176933 12775.593994140625 0.6689453125 712.3655255128933 1637697
1120 1462.3 650.5727193462351 1170.373193325337 12775.593994140625 0.6689453125 712.3806671562984 1652026
1130 1700 786.111104003908 1621.8978932067791 12775.593994140625 0.6689453125 711.8383708354614 1666649
1140 1473.1 459.751770686605 1046.7079253377744 12775.593994140625 0.6689453125 712.5883112707087 1683649
1150 1525.4 1005.0754113322984 1609.3660725790523 12775.593994140625 0.6689453125 710.3953184897383 1698380
1160 1705.2 488.5912996167281 883.0037799037967 12775.593994140625 0.6689453125 713.0184282881086 1713634
1170 1251.6 732.0178328575352 1478.9119185539714 12775.593994140625 0.6689453125 710.8072060339825 1730686
1180 1240.7 575.5693865877778 1480.0279486406912 12775.593994140625 0.6689453125 710.9594960183467 1743202
