10 100 8751.498515380863 584.9137817208184 10071.33203125 7802.35791015625 0 0
20 100 10531.323920654302 862.8595014199477 12074.779052734375 7802.35791015625 8751.498515380863 1000
30 138.4 9891.470246772533 781.3971555662512 16842.076904296875 7802.35791015625 9641.411218017582 2000
40 161.6 11113.04921654428 1243.386122136594 16842.076904296875 7802.35791015625 9743.681222685684 3384
50 100 9448.510002685543 495.8318627316137 16842.076904296875 7802.35791015625 10186.260958300782 5000
60 200 10024.589575805641 739.1988631279347 16842.076904296875 7802.35791015625 10063.302465698242 6000
70 188.2 9687.29840379771 838.3166601755806 16842.076904296875 7802.35791015625 10053.624243225093 8000
80 111.8 10270.791886058385 587.7084927164808 16842.076904296875 7802.35791015625 9983.858484289416 9882
90 173.9 11530.867723935507 2973.3212945011005 16967.513916015625 7802.35791015625 10013.021351851026 11000
100 126.1 9418.872273020857 881.5125302574359 16967.513916015625 7802.35791015625 10220.22245406116 12739
110 74.3 12989.852360967983 3299.6844956243012 16967.513916015625 7802.35791015625 10148.043698468888 14000
120 152.1 13159.566586987889 2111.2850123999438 16967.513916015625 7802.35791015625 10291.261756953378 14743
130 173.6 13725.292491297574 2509.8344186847457 17764.85986328125 7802.35791015625 10559.503988045512 16264
140 200 10128.030496826193 860.0106802280898 17764.85986328125 7802.35791015625 10864.826701470265 18000
150 100 9221.488389648423 762.4321224560589 17764.85986328125 7802.35791015625 10791.14708100586 20000
160 100 9165.818206054684 699.1995552354709 17764.85986328125 7802.35791015625 10716.401429036458 21000
170 117.1 14016.398930784992 2376.986746454531 17764.85986328125 7802.35791015625 10645.920373446377 22000
180 199.7 13381.378697685192 2309.1613104756925 17764.85986328125 7802.35791015625 10816.255291690886 23171
190 183.2 12249.899381146157 2443.0247374136475 17764.85986328125 7802.35791015625 11019.789598817819 25168
200 100 10395.279964355468 652.1128632517846 17764.85986328125 7802.35791015625 11103.254825529875 27000
210 200 10008.260025146474 913.7252700062725 17764.85986328125 7802.35791015625 11077.970009059361 28000
220 100 9918.504194335937 852.1686253675454 17764.85986328125 7802.35791015625 11006.656010131836 30000
230 200.1 10544.976018948533 1971.029814509151 17764.85986328125 7802.35791015625 10971.554338654549 31000
240 100 9483.0024399414 534.8802310142324 17764.85986328125 7802.35791015625 10945.688964340688 33001
250 200 9792.044869750958 649.609082746945 17764.85986328125 7802.35791015625 10902.670037709138 34001
260 67.5 10012.403800274888 656.2881795743862 17764.85986328125 7802.35791015625 10840.97035336936 36001
270 182.4 11098.355616117775 2691.724019808281 17764.85986328125 7802.35791015625 10825.72107800294 36676
280 150.1 10378.80289263537 1196.874292716554 17764.85986328125 7802.35791015625 10838.637581834666 38500
290 153 9864.394872887306 1108.998389027326 17764.85986328125 7802.35791015625 10821.382716494096 40001
300 147 10143.692444428933 479.57854203440814 17764.85986328125 7802.35791015625 10786.127331342803 41531
310 100 11906.510694824221 2086.97563919392 17764.85986328125 7802.35791015625 10764.165533157566 43001
320 200 10362.813011840817 1007.8998199262729 17764.85986328125 7802.35791015625 10790.127333154534 44001
330 16.1 13692.027504488551 2954.800139232939 17764.85986328125 7802.35791015625 10771.54885349915 46001
340 210.6 13995.903940285938 3289.6024944194914 19037.735107421875 7802.35791015625 10781.734657034725 46162
350 173.3 14250.239175117425 4765.801416476707 24383.61083984375 7802.35791015625 10921.973335051776 48268
360 198.3 9595.678830360812 990.2745978772222 24383.61083984375 7802.35791015625 11037.328721960712 50001
370 97.2 10600.85567194937 892.8634858834712 24383.61083984375 7802.35791015625 10982.335036691347 51984
380 204.5 9752.72113243049 1749.1162722811232 24383.61083984375 7681.761962890625 10975.333036114847 52956
390 78 10261.728432366775 592.4239835052472 24383.61083984375 7681.761962890625 10929.874929116164 55001
400 222 11225.929021721919 2712.1281318505803 24383.61083984375 7681.761962890625 10920.53206564178 55781
410 181.6 11930.278800661868 3014.7780567676673 24383.61083984375 7681.761962890625 10932.221195872258 58001
420 118.4 9536.848534248982 759.1216588488899 24383.61083984375 7681.761962890625 10962.521488603388 59817
430 200 9491.0173911133 737.1698799064114 24383.61083984375 7681.761962890625 10934.849863909438 61001
440 100 9088.163376220687 662.8625389801616 24383.61083984375 7681.761962890625 10889.014639935336 63001
450 200 10359.36408532713 2838.8923870468925 24383.61083984375 7337.780029296875 10860.87677859388 64001
460 100 9981.173900390602 764.526041753963 24383.61083984375 7337.780029296875 10845.67965451192 66001
470 200 10573.702864990224 3027.0809612443263 24383.61083984375 7337.780029296875 10832.776776135159 67001
480 67.7 10341.365726983717 508.74924732079853 24383.61083984375 7337.780029296875 10825.267496236464 69001
490 232.3 10621.58158637386 2665.594725345422 24383.61083984375 7337.780029296875 10820.565847254229 69678
500 100 11052.111085937504 687.185607222058 24383.61083984375 7337.780029296875 10814.14593033606 72001
510 127.4 10221.436738066624 776.8539325275121 24383.61083984375 7337.780029296875 10817.405682333998 73001
520 172.6 12696.121947676384 3135.9089496198444 24383.61083984375 7337.780029296875 10807.183340563595 74275
530 184 9799.734000695278 1023.0198354114134 24383.61083984375 7337.780029296875 10850.081566059007 76001
540 89.8 10413.141565131717 1611.3583509124219 24383.61083984375 7337.780029296875 10825.253525305814 77841
550 209.3 12286.791845679796 2585.8903174161774 24383.61083984375 7337.780029296875 10820.553484154207 78739
560 116.9 10696.245990371377 1719.7152578559146 24383.61083984375 7337.780029296875 10858.519102853152 80832
570 200 9813.907808471682 1941.4171933836142 24383.61083984375 7337.780029296875 10856.205749741712 82001
580 100 9658.322834716797 896.1541036072099 24383.61083984375 7337.780029296875 10831.389427524833 84001
590 200 10352.248338867206 2438.4544064615707 24383.61083984375 7337.780029296875 10817.58880644028 85001
600 100 9881.012779785164 628.4611833251269 24383.61083984375 7337.780029296875 10806.891447385256 87001
610 200 10990.711267456058 2191.7321128958915 24383.61083984375 7337.780029296875 10796.370218449221 88001
620 106.6 10322.364317358986 493.5113125831269 24383.61083984375 7337.780029296875 10800.68886044224 90001
630 193.4 10292.010876502714 1535.431008257601 24383.61083984375 7337.780029296875 10795.089752500542 91067
640 100 9807.161562988269 753.8419802952415 24383.61083984375 7337.780029296875 10784.62798815199 93001
650 182.9 11425.817061385142 2403.2442020336916 24383.61083984375 7337.780029296875 10774.22951978289 94001
660 202.8 10032.515922350758 2029.0074384295342 24383.61083984375 7337.780029296875 10786.665642224616 95830
670 114.3 9203.73260599504 734.7464979565681 24383.61083984375 7337.780029296875 10771.036714268761 97858
680 100 9721.622702880884 751.7945953690289 24383.61083984375 7337.780029296875 10752.941658706122 99001
690 111.5 13248.537674073365 3214.696706036968 24383.61083984375 7337.780029296875 10742.628572278734 100001
700 188.5 14213.887581855106 3775.669954506108 24383.61083984375 7337.780029296875 10770.261079977823 101116
710 145.7 10839.02404625971 2235.7331502843344 24383.61083984375 7337.780029296875 10833.282176433573 103001
720 145.5 10899.794785961654 2133.110456849219 24383.61083984375 7337.780029296875 10833.362265123158 104458
730 208.9 9714.371154288461 1487.8188234139493 24383.61083984375 7337.780029296875 10834.274894524837 105913
740 100 9284.291039550788 872.1206386400412 24383.61083984375 7337.780029296875 10812.613453872314 108002
750 200 9884.452085083012 681.9861955809902 24383.61083984375 7337.780029296875 10798.592404585865 109002
760 100 9836.46314770508 826.6036487752086 24383.61083984375 7337.780029296875 10782.121704607434 111002
770 195.6 10152.561909494225 1212.9118314480106 24383.61083984375 7337.780029296875 10773.678475407041 112002
780 104.4 9526.973604282672 1574.0610181642276 24383.61083984375 7337.780029296875 10763.017495020185 113958
790 200 10343.293248168948 2598.0788435607847 24383.61083984375 7337.780029296875 10751.796561280511 115002
800 100 10079.20040283203 991.8274211662412 24383.61083984375 7337.780029296875 10744.813718028061 117002
810 152 10576.762549149365 774.8742827491672 24383.61083984375 7337.780029296875 10739.173022826319 118002
820 148 12754.294171637463 2361.59821435413 24383.61083984375 7337.780029296875 10737.10759621039 119522
830 200 11452.885133789048 2531.0385692436394 24383.61083984375 7337.780029296875 10761.78021427978 121002
840 125.6 9872.104754016655 810.215345525464 24383.61083984375 7337.780029296875 10773.017509925528 123002
850 174.4 10409.615281131306 838.3371267362256 24383.61083984375 7337.780029296875 10763.911082802755 124258
860 106.2 13081.725942723042 2099.832103188825 24383.61083984375 7337.780029296875 10759.007256846699 126002
870 193.8 11425.794125835459 1518.5147707484102 24383.61083984375 7337.780029296875 10778.420522951974 127064
880 185.5 9343.791569317505 883.6951605383389 24383.61083984375 7337.780029296875 10788.146031412216 129002
890 114.5 9045.927245240851 679.0753627527537 24383.61083984375 7337.780029296875 10767.67118079524 130857
900 200 8804.245114868168 637.008936535272 24383.61083984375 7337.780029296875 10752.73658278756 132002
910 19.3 11920.780368310796 3574.0878783636986 24383.61083984375 7337.780029296875 10723.655054632467 134002
920 225.6 13508.053632587407 3187.6212685163846 24383.61083984375 7337.780029296875 10725.376766958112 134195
930 176.2 12385.99955231649 2876.193487485356 24383.61083984375 7337.780029296875 10771.383897787931 136451
940 160.3 10653.859276003477 2194.147542375513 24383.61083984375 7337.780029296875 10791.967726973893 138213
950 118.6 10052.864278603553 1106.3611452094701 24383.61083984375 7337.780029296875 10790.384304140272 139816
960 200 9808.615072509761 507.6449163416092 24383.61083984375 7337.780029296875 10784.180854896385 141002
970 100 8685.777342041007 786.3334923403507 24383.61083984375 7337.780029296875 10770.536769046024 143002
980 200 9876.706053710916 679.4017443032367 24383.61083984375 7337.780029296875 10756.059474098698 144002
990 100 9725.165362548829 754.7638118099957 24383.61083984375 7337.780029296875 10744.01370184369 146002
1000 156.5 10986.654143994618 2137.1278263117897 24383.61083984375 7337.780029296875 10737.082855057288 147002
1010 194.9 11399.85674018527 2398.7028581012114 24383.61083984375 7337.780029296875 10739.711830988597 148567
1020 148.6 10452.975356254732 1342.9497400443247 24383.61083984375 7337.780029296875 10748.259908455606 150516
1030 108.5 9705.84754666798 725.7143382269038 24383.61083984375 7337.780029296875 10745.373151409181 152002
1040 191.5 10376.176938336313 1867.703187033861 24383.61083984375 7337.780029296875 10738.005541611195 153087
1050 180.8 9728.095177709532 937.2307989347452 24383.61083984375 7337.780029296875 10733.535265258171 155002
1060 119.2 8772.216387447901 994.1890291066517 24383.61083984375 7292.6240234375 10721.942664797181 156810
1070 200 9247.555507324232 802.2538644056048 24383.61083984375 7292.6240234375 10707.233523630612 158002
1080 100 9745.296398437496 874.4377946259276 24383.61083984375 7292.6240234375 10688.987776498621 160002
1090 150.7 11902.081306928347 2700.4438971744753 24383.61083984375 7292.6240234375 10683.126412179787 161002
1100 149.3 10387.766909804324 1779.44552274553 24383.61083984375 7292.6240234375 10694.430186286982 162509
1110 157.9 10509.159104852752 1194.5776578052744 24383.61083984375 7292.6240234375 10691.638462577585 164002
1120 142.1 11337.414659020926 1538.382490965113 24383.61083984375 7292.6240234375 10689.898317839676 165581
1130 200 10025.546667846702 758.6114454035271 24383.61083984375 7292.6240234375 10695.407956771058 167002
1140 100 10450.5984501953 581.5729831449854 24383.61083984375 7292.6240234375 10687.480698053121 169002
1150 198.5 11728.528839095961 3288.030594232392 24383.61083984375 7292.6240234375 10686.087289458765 170002
1160 201.5 9423.447467359068 1257.7590259290716 24383.61083984375 7292.6240234375 10698.118701577296 171987
1170 58.4 9985.14215965793 1099.471322972903 24383.61083984375 7292.6240234375 10683.35759229723 174002
1180 171.2 11925.430685025498 3086.476165539262 24383.61083984375 6993.442138671875 10681.022022362291 174586
