10 644.53125 644.53125
20 605.21484375 1249.74609375
30 1048.18359375 2297.9296875
40 690.3515625 2988.28125
50 987.83203125 3976.11328125
60 769.98046875 4746.09375
70 1051.0546875 5797.1484375
80 726.62109375 6523.76953125
90 1050.46875 7574.23828125
100 687.48046875 8261.71875
110 898.7109375 9160.4296875
120 761.07421875 9921.50390625
130 1015.95703125 10937.4609375
140 786.97265625 11724.43359375
150 645.17578125 12369.609375
160 890.09765625 13259.70703125
170 716.1328125 13975.83984375
180 1044.19921875 15020.0390625
190 858.046875 15878.0859375
200 916.0546875 16794.140625
210 788.7890625 17582.9296875
220 860.80078125 18443.73046875
230 950.56640625 19394.296875
240 785.390625 20179.6875
250 973.2421875 21152.9296875
260 752.2265625 21905.15625
270 947.05078125 22852.20703125
280 644.47265625 23496.6796875
290 653.5546875 24150.234375
300 1104.2578125 25254.4921875
310 946.5234375 26201.015625
320 811.2890625 27012.3046875
330 740.21484375 27752.51953125
340 903.57421875 28656.09375
350 923.4375 29579.53125
360 852.0703125 30431.6015625
370 874.16015625 31305.76171875
380 979.98046875 32285.7421875
390 622.8515625 32908.59375
400 1166.71875 34075.3125
410 1038.92578125 35114.23828125
420 723.28125 35837.51953125
430 1001.6015625 36839.12109375
440 735.17578125 37574.296875
450 1146.38671875 38720.68359375
460 633.33984375 39354.0234375
470 1081.0546875 40435.078125
480 812.8125 41247.890625
490 998.7890625 42246.6796875
500 676.58203125 42923.26171875
510 977.40234375 43900.6640625
520 844.04296875 44744.70703125
530 909.19921875 45653.90625
540 977.51953125 46631.42578125
550 750.87890625 47382.3046875
560 713.14453125 48095.44921875
570 750.5859375 48846.03515625
580 841.46484375 49687.5
590 916.34765625 50603.84765625
600 862.03125 51465.87890625
610 895.78125 52361.66015625
620 918.515625 53280.17578125
630 861.85546875 54142.03125
640 923.02734375 55065.05859375
650 776.54296875 55841.6015625
660 1016.1328125 56857.734375
670 777.36328125 57635.09765625
680 816.73828125 58451.8359375
690 836.07421875 59287.91015625
700 785.44921875 60073.359375
710 918.10546875 60991.46484375
720 894.43359375 61885.8984375
730 964.62890625 62850.52734375
740 707.578125 63558.10546875
750 1054.6875 64612.79296875
760 755.859375 65368.65234375
770 1007.05078125 66375.703125
780 854.296875 67230
790 952.55859375 68182.55859375
800 945.234375 69127.79296875
810 782.28515625 69910.078125
820 914.765625 70824.84375
830 873.33984375 71698.18359375
840 920.80078125 72618.984375
850 895.60546875 73514.58984375
860 931.2890625 74445.87890625
870 989.12109375 75435
880 869.8828125 76304.8828125
890 792.5390625 77097.421875
900 1046.07421875 78143.49609375
910 1015.6640625 79159.16015625
920 615.41015625 79774.5703125
930 969.31640625 80743.88671875
940 813.92578125 81557.8125
950 1089.609375 82647.421875
960 769.51171875 83416.93359375
970 981.5625 84398.49609375
980 776.25 85174.74609375
990 948.1640625 86122.91015625
1000 704.35546875 86827.265625
1010 1071.15234375 87898.41796875
1020 791.953125 88690.37109375
1030 1032.3046875 89722.67578125
1040 753.28125 90475.95703125
1050 1010.2734375 91486.23046875
1060 860.80078125 92347.03125
1070 972.24609375 93319.27734375
1080 701.015625 94020.29296875
1090 1005.76171875 95026.0546875
1100 950.390625 95976.4453125
1110 865.8984375 96842.34375
1120 856.23046875 97698.57421875
1130 952.734375 98651.30859375
1140 891.6796875 99542.98828125
1150 865.25390625 100408.2421875
1160 1036.23046875 101444.47265625
1170 696.26953125 102140.7421875
1180 726.97265625 102867.71484375
