10 7304.6875 7304.6875
20 6691.09375 13995.78125
30 11520.8203125 25516.6015625
40 8341.953125 33858.5546875
50 10781.71875 44640.2734375
60 9140.15625 53780.4296875
70 11911.953125 65692.3828125
80 8080.9765625 73773.359375
90 11536.7578125 85310.1171875
100 8314.0625 93624.1796875
110 9609.6484375 103233.828125
120 9098.984375 112332.8125
130 10917.8515625 123250.6640625
140 9411.7578125 132662.421875
150 7350.5078125 140012.9296875
160 9452.9296875 149465.859375
170 8711.171875 158177.03125
180 11216.015625 169393.046875
190 10241.8359375 179634.8828125
200 9781.640625 189416.5234375
210 9485.46875 198901.9921875
220 9268.3203125 208170.3125
230 11271.1328125 219441.4453125
240 8424.9609375 227866.40625
250 11506.2109375 239372.6171875
260 8018.5546875 247391.171875
270 10587.1484375 257978.3203125
280 7956.796875 265935.1171875
290 7215.703125 273150.8203125
300 12706.171875 285856.9921875
310 10106.3671875 295963.359375
320 9787.6171875 305750.9765625
330 7861.171875 313612.1484375
340 10743.203125 324355.3515625
350 9801.5625 334156.9140625
360 9603.0078125 343759.921875
370 10053.2421875 353813.1640625
380 11678.203125 365491.3671875
390 6965.3515625 372456.71875
400 12999.0234375 385455.7421875
410 11391.9921875 396847.734375
420 8709.1796875 405556.9140625
430 11202.734375 416759.6484375
440 8542.5 425302.1484375
450 12525.546875 437827.6953125
460 7468.046875 445295.7421875
470 12429.921875 457725.6640625
480 8715.8203125 466441.484375
490 11862.8125 478304.296875
500 7122.0703125 485426.3671875
510 11552.03125 496978.3984375
520 8995.390625 505973.7890625
530 10690.7421875 516664.53125
540 10771.09375 527435.625
550 8936.953125 536372.578125
560 8131.4453125 544504.0234375
570 8506.640625 553010.6640625
580 9117.578125 562128.2421875
590 10789.0234375 572917.265625
600 9266.9921875 582184.2578125
610 10531.3671875 592715.625
620 10046.6015625 602762.2265625
630 9914.453125 612676.6796875
640 10051.25 622727.9296875
650 9383.203125 632111.1328125
660 11444.453125 643555.5859375
670 8881.8359375 652437.421875
680 8697.890625 661135.3125
690 10008.0859375 671143.3984375
700 8851.2890625 679994.6875
710 10142.890625 690137.578125
720 9798.2421875 699935.8203125
730 11476.9921875 711412.8125
740 7661.2890625 719074.1015625
750 12260.5859375 731334.6875
760 8060.390625 739395.078125
770 11832.265625 751227.34375
780 9357.3046875 760584.6484375
790 11200.7421875 771785.390625
800 10053.90625 781839.296875
810 9403.125 791242.421875
820 9818.828125 801061.25
830 10500.15625 811561.40625
840 10089.1015625 821650.5078125
850 9920.4296875 831570.9375
860 10613.7109375 842184.6484375
870 11233.9453125 853418.59375
880 9905.8203125 863324.4140625
890 9029.921875 872354.3359375
900 12212.109375 884566.4453125
910 10883.3203125 895449.765625
920 7532.4609375 902982.2265625
930 10634.296875 913616.5234375
940 9388.515625 923005.0390625
950 11900 934905.0390625
960 9335.390625 944240.4296875
970 10460.3125 954700.7421875
980 9461.5625 964162.3046875
990 10081.796875 974244.1015625
1000 8455.5078125 982699.609375
1010 11736.640625 994436.25
1020 9343.359375 1003779.609375
1030 11168.8671875 1014948.4765625
1040 8911.71875 1023860.1953125
1050 11301.6796875 1035161.875
1060 9373.90625 1044535.78125
1070 11682.8515625 1056218.6328125
1080 7697.8125 1063916.4453125
1090 11543.3984375 1075459.84375
1100 10597.7734375 1086057.6171875
1110 9515.3515625 1095572.96875
1120 9646.8359375 1105219.8046875
1130 11289.0625 1116508.8671875
1140 9782.3046875 1126291.171875
1150 10079.8046875 1136370.9765625
1160 11323.59375 1147694.5703125
1170 8290.15625 1155984.7265625
1180 8239.0234375 1164223.75
