0 95.2 952
10 104.8 2000
20 184.6 3846
30 115.4 5000
40 117.9 6179
50 182.1 8000
60 124.2 9242
70 175.8 11000
80 157.8 12578
90 142.2 14000
100 112.7 15127
110 187.3 17000
120 100 18000
130 200 20000
140 100 21000
150 158.7 22587
160 141.3 24000
170 145.8 25458
180 154.2 27000
190 100 28000
200 200 30000
210 100 31000
220 200.1 33001
230 100 34001
240 200 36001
250 100 37001
260 200 39001
270 100 40001
280 109.1 41092
290 190.9 43001
300 102.4 44025
310 197.6 46001
320 100 47001
330 200 49001
340 100 50001
350 172.8 51729
360 127.2 53001
370 200 55001
380 100 56001
390 200 58001
400 175.7 59758
410 124.3 61001
420 172.6 62727
430 127.4 64001
440 179.5 65796
450 120.5 67001
460 195.6 68957
470 104.4 70001
480 200 72001
490 100 73001
500 200 75001
510 100 76001
520 176.1 77762
530 123.9 79001
540 200 81001
550 100 82001
560 200 84001
570 100 85001
580 200 87001
590 100 88001
600 200 90001
610 127.6 91277
620 172.4 93001
630 117.8 94179
640 182.2 96001
650 100.8 97009
660 199.2 99001
670 100 100001
680 200 102001
690 106.3 103064
700 193.8 105002
710 100 106002
720 173 107732
730 127 109002
740 200 111002
750 100 112002
760 200 114002
770 100 115002
780 200 117002
790 100 118002
800 200 120002
810 118.2 121184
820 181.8 123002
830 118.8 124190
840 181.2 126002
850 182.7 127829
860 117.3 129002
870 182.9 130831
880 117.1 132002
890 200 134002
900 100 135002
910 200 137002
920 113.2 138134
930 186.8 140002
940 100 141002
950 200 143002
960 103.3 144035
970 196.7 146002
980 100 147002
990 200 149002
1000 200 151002
1010 100 152002
1020 133.3 153335
1030 166.7 155002
1040 195.1 156953
1050 104.9 158002
1060 168.4 159686
1070 131.6 161002
1080 200 163002
1090 100 164002
1100 200 166002
1110 100 167002
1120 200 169002
1130 100 170002
1140 200 172002
1150 133.6 173338
1160 166.4 175002
1170 129.6 176298
1180 0 176298
