0 952 952
10 1000 2000
20 1846 2000
30 1616 2003
40 1179 2106
50 2000 2106
60 1242 2106
70 1118 2106
80 1578 2106
90 1261 2459
100 1127 2459
110 2257 2621
120 1736 2621
130 2000 2736
140 1000 2736
150 1587 2736
160 2000 2736
170 2287 2778
180 1832 2829
190 1000 2829
200 2000 2829
210 1000 2829
220 2001 2829
230 1000 2829
240 2000 2829
250 1000 2829
260 2325 2829
270 1501 2829
280 1091 2829
290 1470 2829
300 1024 2829
310 2000 2829
320 1000 2829
330 2839 2944
340 1733 2944
350 1728 2944
360 1017 2944
370 2045 2944
380 1000 2944
390 2220 2944
400 1757 2944
410 1184 2944
420 1726 2944
430 1000 2944
440 1795 2944
450 1000 2944
460 1956 2944
470 1000 2944
480 2323 2944
490 1000 2944
500 2000 2944
510 1726 2944
520 1761 2944
530 1160 2944
540 2262 2944
550 1169 2944
560 2000 2944
570 1000 2944
580 2000 2944
590 1000 2944
600 2000 2944
610 1276 2944
620 1934 2944
630 1178 2944
640 2000 2944
650 1179 2944
660 1143 2944
670 1000 2944
680 2000 2944
690 1948 2992
700 2001 2992
710 1544 2992
720 1819 2992
730 1000 2992
740 2000 2992
750 1000 2992
760 2000 2992
770 1044 2992
780 2000 2992
790 1000 2992
800 2000 2992
810 1662 2992
820 2000 2992
830 1188 2992
840 1744 2992
850 1827 2992
860 1938 2992
870 1829 2992
880 1145 2992
890 2000 2992
900 1000 2992
910 2807 2992
920 1683 2992
930 1789 2992
940 1186 2992
950 2000 2992
960 1033 2992
970 2000 2992
980 1000 2992
990 2000 2992
1000 2435 2992
1010 1486 2992
1020 1333 2992
1030 1915 2992
1040 1951 2992
1050 1192 2992
1060 1684 2992
1070 1000 2992
1080 2000 2992
1090 1493 2992
1100 2000 2992
1110 1421 2992
1120 2000 2992
1130 1000 2992
1140 2000 2992
1150 1351 2992
1160 1000 2992
1170 1712 2992
1180 0 2992
