10 80 800
20 122 2020
30 84 2860
40 77 3630
50 120 4830
60 75 5580
70 78 6360
80 114 7500
90 99 8490
100 126 9750
110 70 10450
120 142.6 11876
130 440.4 16280
140 415 20430
150 674 27170
160 362 30790
170 420 34990
180 570 40690
190 458 45270
200 550.7 50777
210 511.3 55890
220 456 60450
230 591 66360
240 420 70560
250 305 73610
260 147 75080
270 213.4 77214
280 207.6 79290
290 169 80980
300 249 83470
310 154 85010
320 254 87550
330 180 89350
340 154 90890
350 245 93340
360 166 95000
364 35 95350
