10 8 2182.4757476806635 1224.3419018072434 4117.113037109375 49.3349609375 0 0
20 12.2 2031.7331562980276 1135.9594625451073 4117.113037109375 40.036865234375 2182.4757476806635 80
30 8.4 2237.944830031622 1121.3590773518358 4117.113037109375 40.036865234375 2091.4331924891703 202
40 7.7 2206.286852551746 1226.6064455837984 4117.113037109375 40.036865234375 2134.4645825366038 286
50 12 2006.222849527992 1121.3927966691015 4117.113037109375 34.885986328125 2149.699609509513 363
60 7.5 2119.9398437499995 1158.2632974024139 4117.113037109375 17.501953125 2114.053209514104 483
70 7.8 2034.47996481871 1226.4540827914377 4143.966796875 17.501953125 2114.844423793122 558
80 11.4 2027.66271330181 1172.7133062900127 4143.966796875 17.501953125 2104.9884052396565 636
90 9.9 1953.9197665127824 1187.8299908428864 4143.966796875 17.501953125 2093.2349000651034 750
100 12.6 1931.14792015439 1095.119301810512 4143.966796875 17.501953125 2076.98967247773 849
110 7 2040.9765694754465 1167.476255043168 4143.966796875 17.501953125 2058.1424306390213 975
120 14.7 1850.8615938562925 1333.853179660891 4143.966796875 17.501953125 2056.992564340983 1045
130 43.6 1952.8845550817098 1108.8162756171564 4162.616943359375 17.501953125 2031.5720503634248 1192
140 41.5 1793.756612975338 1021.9757600607803 4162.616943359375 17.501953125 2010.4984951159875 1628
150 67.4 2016.9308129375747 1102.0605052329545 4162.616943359375 17.501953125 1966.4711426498252 2043
160 36.2 1855.0980271818883 1025.8855721663697 4240.447021484375 17.501953125 1978.988558098461 2717
170 42 1958.8044421967975 1132.5860361219131 4240.447021484375 17.501953125 1964.4226691111926 3079
180 57 1931.7874468887062 1107.6061989985162 4240.447021484375 17.501953125 1963.7482892014912 3499
190 45.8 2065.837956724209 1152.755282217878 4240.447021484375 17.501953125 1959.2711006740183 4069
200 63.7 1916.9665573335703 1107.0573891514075 4240.447021484375 17.501953125 1970.052549772977 4527
210 42.5 1895.2485994944848 1056.1244177874394 4240.447021484375 17.501953125 1963.5041808372873 5164
220 45.6 2149.202838027688 1159.062966846868 4240.447021484375 17.501953125 1958.3138745086612 5589
230 59.1 1875.6919854126975 1063.4279821397497 4240.447021484375 17.501953125 1972.7134390024041 6045
240 42 1881.1859508696057 1114.5413682376284 4240.447021484375 17.501953125 1964.072739925925 6636
250 30.5 2255.023732069672 1140.0999040066652 4240.447021484375 17.501953125 1959.1390024820964 7056
260 14.7 2130.7994658801017 1202.4822460527466 4240.447021484375 17.501953125 1971.3988642568838 7361
270 24.4 2074.6830634445437 1107.5128291409267 4240.447021484375 17.501953125 1974.519787064371 7508
280 17.7 1941.5599165232172 1248.723635744706 4240.447021484375 17.501953125 1977.6725011300007 7752
290 16.9 2036.624952327569 1106.186735736242 4240.447021484375 17.501953125 1976.8663556544805 7929
300 24.9 2019.600769288089 1213.1541591465261 4240.447021484375 17.501953125 1978.1134787512638 8098
310 15.4 2108.0851955661515 1207.1051182013985 4240.447021484375 17.501953125 1979.351089311186 8347
320 25.4 1976.1045527420636 1186.8573173201823 4240.447021484375 17.501953125 1981.683174049836 8501
330 18 2012.3733479817708 1125.1607009255943 4240.447021484375 17.501953125 1981.5213271266866 8755
340 15.4 2088.940626268263 1190.5408805630373 4240.447021484375 17.501953125 1982.1428563660727 8935
350 24.5 2061.615252311861 1164.5127267260873 4240.447021484375 17.501953125 1983.952390590403 9089
360 16.6 2261.313770707832 1198.3985885076286 4240.447021484375 17.501953125 1985.990895103126 9334
364 3.5 2845.1439174107145 780.2952951874153 4240.447021484375 17.501953125 1990.8018000873767 9500
