10 80 230.9340292358397 764.501466715386 4145.95703125 3.04296875 0 0
20 122 216.80564104924437 706.5333963577667 4145.95703125 3.04296875 230.9340292358397 800
30 84 238.52698800223203 758.7739300725497 4145.95703125 1.970947265625 222.40104231126233 2020
40 77 249.3948407061689 776.9145140483606 4322.02685546875 1.970947265625 227.137334052666 2860
50 120 211.4770829264323 698.5389499569162 4322.02685546875 1.970947265625 231.85862334280296 3630
60 75 233.24351334635423 730.9064558172458 4322.02685546875 1.961181640625 226.7948865933941 4830
70 78 212.8053485576925 723.4322778775158 4322.02685546875 1.961181640625 227.66163750105002 5580
80 114 210.87799222176545 713.3202037749078 4322.02685546875 1.961181640625 225.8396398004496 6360
90 99 212.94670903369658 694.4880208406105 4322.02685546875 1.961181640625 223.56546936848957 7500
100 126 210.25157199435773 673.0891007814479 4322.02685546875 1.961181640625 222.3272393647858 8490
110 70 219.0264585658482 713.1949028838744 4322.02685546875 1.961181640625 220.7666915815305 9750
120 142.6 209.649222995924 706.6700545035072 4322.02685546875 1.961181640625 220.65012094890105 10450
130 440.4 248.50931237937104 690.08021903519 4322.02685546875 1.961181640625 219.32919803875072 11876
140 415 247.43589743740662 628.9164718113813 4322.02685546875 1.961181640625 227.2228849893706 16280
150 674 268.5073410260572 702.8025950798093 4322.02685546875 1.961181640625 231.3288077333427 20430
160 362 239.3426196019292 641.5130486256313 4322.02685546875 1.961181640625 240.55160178534473 27170
170 420 265.68256394159215 685.9275677502258 4322.02685546875 1.961181640625 240.40946097651184 30790
180 570 244.442505439624 676.8334705580432 4322.02685546875 1.961181640625 243.44310008635284 34990
190 458 284.92465052708764 734.8745061306512 4403.496826171875 1.961181640625 243.5831003447369 40690
200 548.4 283.1590220022171 720.9214282848769 4403.496826171875 1.961181640625 247.76565611754813 45270
210 513.6 227.15215056707535 607.1933909693169 4403.496826171875 1.961181640625 251.5899304311298 50754
220 456 318.0628283584326 733.9677762866284 4403.496826171875 1.961181640625 249.3442257007347 55890
230 591 234.18130188504637 660.235386710723 4403.496826171875 1.961181640625 254.52796148434268 60450
240 420 253.00160545712416 668.617690585703 4403.496826171875 1.961181640625 252.7158946032119 66360
250 305 260.4610690957995 765.077781458865 4403.496826171875 1.961181640625 252.73290120165905 70560
260 147 232.4379637011054 742.8499034363248 4403.496826171875 1.961181640625 253.05311465196644 73610
270 213.3 262.7408089581868 759.2067434355637 4403.496826171875 1.961181640625 252.6494882281816 75080
280 207.7 195.41323169309703 652.6012434923342 4403.496826171875 1.961181640625 252.92825977075995 77213
290 169 230.9495176416882 701.2383822234574 4403.496826171875 1.961181640625 251.42165473459767 79290
300 249 232.8603998023345 713.818513777296 4403.496826171875 1.961181640625 250.994414531004 80980
310 154 241.4377049830053 736.11150708116 4403.496826171875 1.961181640625 250.45345734070344 83470
320 254 221.26217492771895 701.06644363642 4403.496826171875 1.961181640625 250.2901323362233 85010
330 180 222.35878757052944 699.8430886289799 4403.496826171875 1.961181640625 249.44797343482296 87550
340 154 234.68409820160355 729.1222241398966 4403.496826171875 1.961181640625 248.90224836984558 89350
350 245 228.0313200534119 720.536174982733 4403.496826171875 1.961181640625 248.6613423157242 90890
360 166 262.06267119258246 790.2828074893116 4555.6298828125 0.7978515625 248.1198429098675 93340
364 35 292.2068666294644 887.8377038878969 4555.6298828125 0.7978515625 248.36347548828124 95000
