10 8 2395.203921508789 1229.8144673951685 4335.14013671875 240.998046875 0 0
20 12.2 2192.5570308497695 1133.7818193211558 4335.14013671875 177.2861328125 2395.203921508789 80
30 8.4 2444.6922781808034 1121.6854338568096 4335.14013671875 177.2861328125 2272.813225170173 202
40 7.7 2499.565987723214 1243.0052212497812 4479.97607421875 177.2861328125 2323.295184795673 286
50 12 2168.4673197428388 1125.1191846882225 4479.97607421875 177.2861328125 2360.685961174242 363
60 7.5 2375.8304036458317 1163.2552202745505 4479.97607421875 177.2861328125 2312.9297769676823 483
70 9.6 2052.7906290690107 1164.7928470166246 4479.97607421875 177.2861328125 2321.3841622738855 558
80 9.6 2299.253443400065 1220.3783646285365 4479.97607421875 150.152099609375 2281.957588592436 654
90 9.9 2135.964814157197 1192.9901852450985 4479.97607421875 150.152099609375 2284.1714580078124 750
100 12.6 2124.212865435888 1101.0721235917536 4479.97607421875 150.152099609375 2266.889411198377 849
110 7 2215.5945417131697 1171.837229967784 4479.97607421875 150.152099609375 2248.4512114383015 975
120 14.7 2084.2509898490657 1323.2508913583742 4479.97607421875 150.152099609375 2246.2502861935554 1045
130 43.6 2907.386033924349 1172.9998391989282 5290.8369140625 150.152099609375 2226.2721850504013 1192
140 41.5 2864.1055311088103 1046.3967130319966 5293.10205078125 150.152099609375 2408.683510670205 1628
150 67.4 2991.83447555406 1130.6294835663884 5293.10205078125 150.152099609375 2501.194591669726 2043
160 36.2 2581.3734609698727 1034.1810277150262 5293.10205078125 150.152099609375 2622.906509865545 2717
170 42 3004.3274541945684 1174.5915280352415 5293.10205078125 150.152099609375 2618.0234427332834 3079
180 57 2654.098922354715 1138.1264515424048 5293.10205078125 150.152099609375 2664.393172602886 3499
190 45.8 3114.858420292883 1207.8092164735415 5501.833984375 150.152099609375 2662.95111739486 4069
200 41.2 2597.240742211203 1123.422487028538 5501.833984375 150.152099609375 2708.6709196319475 4527
210 65 2845.1907816256003 1101.0484073260106 5501.833984375 150.152099609375 2699.375670978911 4939
220 45.6 3275.24224692897 1226.2922619656183 5512.364990234375 150.152099609375 2716.3339500843585 5589
230 59.1 2698.937299647713 1084.1408259450448 5512.364990234375 150.152099609375 2758.494774461719 6045
240 42 2853.2872116815497 1163.2588101041142 5512.364990234375 150.152099609375 2753.19060514058 6636
250 30.5 2618.9133076652156 1173.818966333249 5512.364990234375 150.152099609375 2759.148736482304 7056
260 14.7 2435.9878909571635 1204.5669942290147 5512.364990234375 150.152099609375 2753.3381393094724 7361
270 16.1 2372.8976080284365 1071.6573500772863 5512.364990234375 150.152099609375 2747.1247021081153 7508
280 26 2345.815567720854 1236.1418833356236 5512.364990234375 150.152099609375 2739.2683242039784 7669
290 16.9 2360.767066729844 1119.0692147627112 5512.364990234375 150.152099609375 2726.366606877 7929
300 24.9 2366.270006784953 1222.8832272391276 5512.364990234375 150.152099609375 2718.7367819467863 8098
310 15.4 2486.583827427455 1230.3632958753783 5512.364990234375 150.152099609375 2708.222318425126 8347
320 25.4 2321.2842008335365 1189.7364885437098 5512.364990234375 150.152099609375 2704.207222834767 8501
330 18 2396.1223320855033 1131.6462901589775 5512.364990234375 150.152099609375 2693.0978627447257 8755
340 15.4 2380.367269937096 1195.3167131324924 5512.364990234375 150.152099609375 2687.115143604417 8935
350 24.5 2341.985719268175 1169.8659622790778 5512.364990234375 150.152099609375 2681.9177431704015 9089
360 16.6 2712.8792577536697 1226.989500321716 5512.364990234375 150.152099609375 2672.99516486999 9334
364 3.5 2948.560316685268 784.1491282951145 5512.364990234375 150.152099609375 2673.6920869140627 9500
