10 46.875 46.875
20 71.484375 118.359375
30 49.21875 167.578125
40 45.1171875 212.6953125
50 70.3125 283.0078125
60 43.9453125 326.953125
70 45.703125 372.65625
80 66.796875 439.453125
90 58.0078125 497.4609375
100 73.828125 571.2890625
110 41.015625 612.3046875
120 86.1328125 698.4375
130 255.46875 953.90625
140 243.1640625 1197.0703125
150 394.921875 1591.9921875
160 212.109375 1804.1015625
170 246.09375 2050.1953125
180 333.984375 2384.1796875
190 268.359375 2652.5390625
200 328.30078125 2980.83984375
210 293.96484375 3274.8046875
220 267.1875 3541.9921875
230 346.2890625 3888.28125
240 246.09375 4134.375
250 178.7109375 4313.0859375
260 86.1328125 4399.21875
270 127.8515625 4527.0703125
280 118.828125 4645.8984375
290 99.0234375 4744.921875
300 145.8984375 4890.8203125
310 90.234375 4981.0546875
320 148.828125 5129.8828125
330 105.46875 5235.3515625
340 90.234375 5325.5859375
350 143.5546875 5469.140625
360 97.265625 5566.40625
364 20.5078125 5586.9140625
