10 531.25 531.25
20 810.15625 1341.40625
30 557.8125 1899.21875
40 511.328125 2410.546875
50 796.875 3207.421875
60 498.046875 3705.46875
70 517.96875 4223.4375
80 757.03125 4980.46875
90 657.421875 5637.890625
100 836.71875 6474.609375
110 464.84375 6939.453125
120 946.953125 7886.40625
130 2924.53125 10810.9375
140 2755.859375 13566.796875
150 4475.78125 18042.578125
160 2403.90625 20446.484375
170 2789.0625 23235.546875
180 3785.15625 27020.703125
190 3041.40625 30062.109375
200 3641.71875 33703.828125
210 3410.625 37114.453125
220 3028.125 40142.578125
230 3924.609375 44067.1875
240 2789.0625 46856.25
250 2025.390625 48881.640625
260 976.171875 49857.8125
270 1416.4453125 51274.2578125
280 1379.2578125 52653.515625
290 1122.265625 53775.78125
300 1653.515625 55429.296875
310 1022.65625 56451.953125
320 1686.71875 58138.671875
330 1195.3125 59333.984375
340 1022.65625 60356.640625
350 1626.953125 61983.59375
360 1102.34375 63085.9375
364 232.421875 63318.359375
