10 999.9 9999
20 1093.6 20935
30 1355.5 34490
40 1356.9 48059
50 1263.9 60698
60 1003.6 70734
70 1458.4 85318
80 1449.3 99811
90 1070.4 110515
100 1592 126435
110 1187 138305
120 1257.2 150877
130 1638.5 167262
140 1355.1 180813
150 1658.5 197398
160 1255.8 209956
170 1091.8 220874
180 1490.8 235782
190 1331.3 249095
200 1169.9 260794
210 1266.8 273462
220 1389 287352
230 1365.5 301007
240 1187.2 312879
250 1634.9 329228
260 1276.2 341990
270 1867.4 360664
280 1200.1 372665
290 1045.3 383118
300 1740 400518
310 1192 412438
320 1679.2 429230
330 1128.9 440519
340 1578.6 456305
350 1341.1 469716
360 1112.4 480840
370 1435.3 495193
380 1592.1 511114
390 1248.8 523602
400 1736.9 540971
410 1855.7 559528
420 1100 570528
430 1702 587548
440 1298 600528
450 1489.7 615425
460 1505.5 630480
470 1484.1 645321
480 1422.7 659548
490 1101.9 670567
500 1666.9 687236
510 1382.7 701063
520 1566.4 716727
530 1355.3 730280
540 1406.7 744347
550 1521.4 759561
560 1125.6 770817
570 1662.2 787439
580 1282.7 800266
590 1596.2 816228
600 1292.8 829156
610 1272.8 841884
620 1002.7 851911
630 1857 870481
640 1442.5 884906
650 759 892496
660 1633.3 908829
670 1981.6 928645
680 1122 939865
690 1576.3 955628
700 1423.7 969865
710 1455.2 984417
720 1172.5 996142
730 1489.8 1011040
740 979.7 1020837
750 1912.7 1039964
760 1050.3 1050467
770 1922.4 1069691
780 1847.8 1088169
790 1150.9 1099678
800 1083.9 1110517
810 1915.7 1129674
820 1678.2 1146456
830 1321.8 1159674
840 1014.1 1169815
850 1787.7 1187692
860 1173.2 1199424
870 1530.2 1214726
880 1439 1229116
890 1345.2 1242568
900 782.7 1250395
910 1814.4 1268539
920 1528.9 1283828
930 1564.9 1299477
940 1186.3 1311340
950 1816.3 1329503
960 943.7 1338940
970 1921.8 1358158
980 1198.9 1370147
990 1570.7 1385854
1000 1353.9 1399393
1010 1074.8 1410141
1020 1915.2 1429293
1030 1028.6 1439579
1040 1814.6 1457725
1050 1152 1469245
1060 1897.8 1488223
1070 1079.5 1499018
1080 1339.9 1512417
1090 1752.9 1529946
1100 1820.1 1548147
1110 1122.4 1559371
1120 1810.6 1577477
1130 1167 1589147
1140 1180.1 1600948
1150 1819.7 1619145
1160 1010.2 1629247
1170 1047 1639717
1180 1942.8 1659145
1190 1188.8 1671033
1200 1829.5 1689328
1210 1370.7 1703035
1220 1693.2 1719967
1230 1770.1 1737668
1240 1123.5 1748903
1250 1765.9 1766562
1260 1294.6 1779508
1270 1480.9 1794317
1280 1511.4 1809431
1290 1692.9 1826360
1300 1476.4 1841124
1310 1578.3 1856907
1320 1241.2 1869319
1330 1122.7 1880546
1340 1832.4 1898870
1350 1160.9 1910479
1360 1765.2 1928131
1370 1577.3 1943904
1380 1159.3 1955497
1390 1385.6 1969353
1400 1912.1 1988474
1410 1252.2 2000996
1420 1671.8 2017714
1430 1163.3 2029347
1440 1647.9 2045826
1450 1635.9 2062185
1460 1529.9 2077484
1470 1228.8 2089772
1480 1678.2 2106554
1490 1234.3 2118897
1500 1613.3 2135030
1510 1312 2148150
1520 1312.2 2161272
1530 1700.1 2178273
1540 1772.1 2195994
1549 1510.3 2211097
