10 100 3274.656650390626 836.7265202582763 4685.344970703125 1844.197998046875 0 0
20 200 3526.63764453125 877.7541668084009 5063.0888671875 1821.56494140625 3274.656650390626 1000
30 166.6 2853.9140337775734 1151.0158493583635 5108.35791015625 1099.880126953125 3442.6439798177084 3000
40 221.6 3408.153927579254 1221.8769162534318 5108.35791015625 1091.1611328125 3232.437359564201 4666
50 200 3355.3734443359385 1111.3924412230517 5475.7900390625 1091.1611328125 3289.017992333942 6882
60 136.6 3356.880623991983 1084.2977133624065 5475.7900390625 1091.1611328125 3303.959548740606 8882
70 202.7 3262.451255704245 1096.1357669059444 5475.7900390625 1091.1611328125 3311.0136264917164 10248
80 234.6 3010.0953702154293 1323.708300245656 5475.7900390625 821.636962890625 3302.9944064846936 12275
90 186.8 3595.392862127985 978.107282051798 5475.7900390625 95.364013671875 3255.9975431314556 14621
100 176 3591.5514701149673 829.3894812318924 5475.7900390625 95.364013671875 3294.4468399890893 16489
110 276.8 3454.3431893938523 902.225434032212 5475.7900390625 95.364013671875 3323.10069220135 18249
120 125.6 3317.7828888133818 997.111148762094 5475.7900390625 95.364013671875 3340.3857106259034 21017
130 143.8 3278.582897456865 928.226780521682 5475.7900390625 95.364013671875 3339.1111115958433 22273
140 232.8 3333.5140514046016 857.7034485906613 5475.7900390625 95.364013671875 3335.4402595891015 23711
150 116 2834.164023774245 1141.5025891612613 5475.7900390625 95.364013671875 3335.268048188759 26039
160 147.3 2645.549726953654 1160.4223888986003 5475.7900390625 95.364013671875 3313.896649669665 27199
170 152.7 3347.9534727445034 964.062995298459 5475.7900390625 95.364013671875 3279.5608859573085 28672
180 124.9 3447.0170831978085 1036.004528167261 5475.7900390625 95.364013671875 3283.019128946283 30199
190 147.9 3477.073331656208 1336.835175576199 5923.98681640625 95.364013671875 3289.532530271015 31448
200 200 3168.149301025391 1107.1658437242622 5923.98681640625 95.364013671875 3297.9564026325634 32927
210 111 3144.389712881827 1114.4560881129657 5923.98681640625 95.364013671875 3290.5233507467915 34927
220 114.3 3561.3295298231765 868.5905758912346 5923.98681640625 95.364013671875 3286.022189772512 36037
230 206.4 3138.632964259894 987.8616557783162 5923.98681640625 95.364013671875 3294.4857801350163 37180
240 100 3571.871968261719 892.2494702092498 5923.98681640625 95.364013671875 3286.2888529113325 39244
250 264.8 3483.4570982780356 1039.7590701787985 5923.98681640625 95.364013671875 3293.385143422971 40244
260 159.7 3542.427677964296 1098.014773194845 5923.98681640625 95.364013671875 3305.119511987184 42892
270 257.6 3412.6041910870463 998.5846490517204 5923.98681640625 95.364013671875 3313.6380478289752 44489
280 100 2749.1989523925763 1059.4826283392406 5923.98681640625 95.364013671875 3319.054743569606 47065
290 165.1 3322.698561300444 1190.380801219777 5923.98681640625 95.364013671875 3307.198802839823 48065
300 244.7 3049.217099082585 1093.000135558107 5923.98681640625 95.364013671875 3307.7135285059762 49716
310 150 3510.745167480469 948.192096361843 5923.98681640625 95.364013671875 3295.587294148308 52163
320 130 3506.3110971304072 1137.865345124324 5923.98681640625 95.364013671875 3301.601434431152 53663
330 203.3 3116.326735211778 941.8278663698036 5923.98681640625 95.364013671875 3306.4432837026443 54963
340 100 2989.9192827148436 925.8679312162733 5923.98681640625 95.364013671875 3299.661984259141 56996
350 170.3 3253.971756528003 847.5353935585686 5923.98681640625 95.364013671875 3294.321224524947 57996
360 129.7 3488.008513110185 836.4656494830449 5923.98681640625 95.364013671875 3293.1701978076017 59699
370 100 2899.3487653808593 995.989139921729 5923.98681640625 95.364013671875 3297.3131792317517 60996
380 203.9 3495.512387233134 814.4118027346591 5923.98681640625 95.364013671875 3290.8939842215755 61996
390 100 2919.2013376464843 1123.7965068017882 5923.98681640625 95.364013671875 3297.409435517594 64035
400 206.1 3502.19582364352 751.1668234414562 5923.98681640625 95.364013671875 3291.593980795197 65035
410 108.2 3645.722660537128 701.0410483690372 5923.98681640625 95.364013671875 3298.0630757950535 67096
420 200 3495.249093261718 651.7675194605947 5923.98681640625 95.364013671875 3303.5805106082034 68178
430 100 2911.3837314453126 1057.3958230452017 5923.98681640625 95.364013671875 3309.042865837863 70178
440 200 3359.7509017333978 853.366034985985 5923.98681640625 95.364013671875 3303.4560393691145 71178
450 117 3439.9503461788845 847.1853693648552 5923.98681640625 95.364013671875 3304.9946127754465 73178
460 228.8 3691.855721747125 1003.0704685175317 5923.98681640625 95.364013671875 3307.1183848753285 74348
470 106.4 3300.6294344565017 989.6592730201237 5923.98681640625 95.364013671875 3318.604879822386 76636
480 196.4 3494.995503909237 1016.1297217688158 5923.98681640625 95.364013671875 3318.3587295795382 77700
490 150 3632.8981818033867 643.8796728587015 5923.98681640625 95.364013671875 3322.7134522244405 79664
500 165.3 3928.9231587690933 737.1585782314179 5923.98681640625 95.364013671875 3328.446007228734 81164
510 246.1 3502.335985316246 848.7206323418401 5923.98681640625 95.364013671875 3340.431333085698 82817
520 118.8 3363.746503733625 725.0820157467782 5923.98681640625 95.364013671875 3345.1036676753856 85278
530 209.7 3480.7078656590884 868.0914758492949 5923.98681640625 95.364013671875 3345.359811006142 86466
540 100 3322.6536254882813 935.9071081870251 5923.98681640625 95.364013671875 3348.5645903226427 88563
550 200 3673.4516246337907 941.0832140877052 5923.98681640625 95.364013671875 3348.275285980064 89563
560 196 3171.305390649912 1231.6238465020044 5923.98681640625 95.364013671875 3355.378075068533 91563
570 144.8 3784.0710521719066 745.933170527828 5923.98681640625 95.364013671875 3351.5203880668273 93523
580 220.3 3040.7532730137154 991.9124469068475 5923.98681640625 95.364013671875 3358.11538403006 94971
590 151.5 3767.8929635932345 569.7911400698338 5923.98681640625 95.364013671875 3350.9205713171013 97174
600 247.7 3746.19190921714 1177.1252010260484 5923.98681640625 95.364013671875 3357.3216208190556 98689
610 255.3 3248.970407057875 951.8140088044512 5923.98681640625 95.364013671875 3366.842919519825 101166
620 324.6 3861.7323840429804 888.1800818959263 5923.98681640625 95.364013671875 3363.9415367036067 103719
630 186.4 3213.4190762892276 1174.5795035404433 5923.98681640625 95.364013671875 3379.0476844198092 106965
640 221.6 3944.8481755996854 964.6179204857411 5923.98681640625 95.364013671875 3376.2108327942738 108829
650 328.2 3609.6572807167895 795.5927634048435 5923.98681640625 95.364013671875 3387.5584878139216 111045
660 227.8 4062.262692525996 999.4691985607033 7262.568115234375 95.364013671875 3393.934306634561 114327
670 157.3 3580.787035186051 982.9690896173008 7262.568115234375 95.364013671875 3406.9907970342924 116605
680 200 3065.3287895507815 886.1521543765391 7262.568115234375 95.364013671875 3409.304099701563 118178
690 100 3032.3949184570333 1106.6391068558182 7262.568115234375 95.364013671875 3403.5796691044357 120178
700 200 3630.6123995361336 867.2333972809984 7262.568115234375 95.364013671875 3400.5165326386796 121178
710 100 3299.4845026855455 912.2379048056488 7262.568115234375 95.364013671875 3404.2525222942586 123178
720 100 3120.0767148437517 881.0266274513489 7262.568115234375 95.364013671875 3403.4088300169733 124178
730 261.2 3695.873858184581 921.8536445520954 7262.568115234375 95.364013671875 3401.1453962253067 125178
740 100 3012.8080375976556 955.499649465581 7262.568115234375 95.364013671875 3407.1695823324953 127790
750 265.7 4020.709115771724 729.946247568904 7262.568115234375 95.364013671875 3404.1075313600995 128790
760 108.1 3506.1333671802736 818.1666040460999 7262.568115234375 95.364013671875 3416.5711890303523 131447
770 228.9 3434.290257605158 899.0734574516928 7262.568115234375 95.364013671875 3417.3017268380613 132528
780 182.9 3868.309036646988 665.695766747115 7262.568115234375 95.364013671875 3417.5901678130563 134817
790 212 3428.289741947966 814.5442224503388 7262.568115234375 95.364013671875 3423.6230177398543 136646
800 100 3682.5490341796867 811.1359677696427 7262.568115234375 95.364013671875 3423.6943137008334 138766
810 236.5 3654.52733084616 623.8592034529819 7262.568115234375 95.364013671875 3425.5463715724104 139766
820 148.9 3940.571430398444 752.7819581840083 7262.568115234375 95.364013671875 3429.356518329152 142131
830 209.6 3380.068280867948 854.7948654277159 7262.568115234375 95.364013671875 3434.65660887414 143620
840 100 3262.083882080078 824.2749067318836 7262.568115234375 95.364013671875 3433.8714024760716 145716
850 359.4 3714.8772737548684 852.6340806421088 7262.568115234375 95.364013671875 3432.7005177709543 146716
860 109.6 3599.845138438429 622.6964836585857 7262.568115234375 95.364013671875 3439.4475290210785 150310
870 173.3 3581.750589713017 753.5384445309612 7262.568115234375 95.364013671875 3440.608617616784 151406
880 296.2 3477.8983319969616 799.5466494662538 7262.568115234375 95.364013671875 3442.2058530541503 153139
890 148 3638.3615514806797 971.2522240228645 7262.568115234375 95.364013671875 3442.8831140750835 156101
900 146.6 3589.7763920012485 806.5366734896442 7262.568115234375 95.364013671875 3444.7190466263446 157581
910 259 3316.2522911513647 905.395456548748 7262.568115234375 95.364013671875 3446.056098367777 159047
920 128.3 3181.9241392473073 927.9624594296354 7262.568115234375 95.364013671875 3443.976179409305 161637
930 213.7 3503.019107288436 986.2571456207606 7262.568115234375 95.364013671875 3441.9125115506763 162920
940 120.1 3647.0767992005353 843.8005034482092 7262.568115234375 95.364013671875 3442.7036612449733 165057
950 288.1 3649.9375477095364 778.7969427357754 7262.568115234375 95.364013671875 3444.179994045107 166258
960 112.1 3174.909014821796 842.6924989130003 7262.568115234375 95.364013671875 3447.684729866575 169139
970 339.3 3166.555113900628 1347.6582459554768 7262.568115234375 95.364013671875 3445.88876148548 170260
980 218 3363.2146181998996 1331.0425993740887 7262.568115234375 95.364013671875 3440.4308709436787 173653
990 165 3738.6031297348486 653.8711708548467 7262.568115234375 95.364013671875 3439.473533976321 175833
1000 209.6 3339.0928065176245 850.1783106411544 7262.568115234375 95.364013671875 3442.2544416294572 177483
1010 109.6 3026.863884250614 1184.623391502266 7262.568115234375 95.364013671875 3441.0503655003195 179579
1020 263.8 3662.0601969524437 708.5173644753467 7262.568115234375 95.364013671875 3438.537851962477 180675
1030 109.6 3566.319233469721 1173.8967081518601 7262.568115234375 95.364013671875 3441.75449205938 183313
1040 231.4 3958.0120012947636 837.6776588191638 7262.568115234375 95.364013671875 3442.4948190314135 184409
1050 219 3625.4558476696307 911.1450184045202 7262.568115234375 95.364013671875 3448.8834629572148 186723
1060 151.2 3670.0316870956813 726.989376977604 7262.568115234375 95.364013671875 3450.930402672958 188913
1070 200 3419.211566040038 679.3019758802367 7262.568115234375 95.364013671875 3452.670096211344 190425
1080 212.9 4061.8697050496858 873.5919505064917 7262.568115234375 95.364013671875 3452.3223396290773 192425
1090 250.7 3419.1784202475264 877.2716632896354 7262.568115234375 95.364013671875 3458.992602594529 194554
1100 125.7 3859.1553724921705 988.084738289538 7262.568115234375 95.364013671875 3458.486088595595 197061
1110 200 3248.540274536132 826.5542796275398 7262.568115234375 95.364013671875 3461.0256527796732 198318
1120 100 3064.401520019533 889.3651781772068 7262.568115234375 95.364013671875 3458.904172151437 200318
1130 200 3366.032556030271 778.4534930503048 7262.568115234375 95.364013671875 3456.944572651482 201318
1140 100 4266.985425781244 926.9100461305018 7262.568115234375 95.364013671875 3456.0502886567424 203318
1150 236.6 4126.498930981877 922.6105547256606 7262.568115234375 95.364013671875 3460.019273949886 204318
1160 100 3063.251428222657 868.2068172475356 7262.568115234375 95.364013671875 3467.648751164076 206684
1170 159.3 4099.486791425136 719.2759783356369 7262.568115234375 95.364013671875 3465.701575055462 207684
1180 278.2 3809.5788430296893 809.6500724025697 7262.568115234375 95.364013671875 3470.525898080338 209277
1190 139.3 4072.447893765705 851.5347058348607 7262.568115234375 95.364013671875 3474.9739304338295 212059
1200 276.8 3698.449014035265 687.6001187772106 7262.568115234375 95.364013671875 3478.873079801937 213452
1210 138.4 3788.3885517451104 583.344462799002 7262.568115234375 95.364013671875 3481.6840417201583 216220
1220 200 3528.4101978759763 691.916810056548 7262.568115234375 95.364013671875 3483.6347367527615 217604
1230 261.2 3848.4094710298928 774.8909468346208 7262.568115234375 95.364013671875 3484.042520409919 219604
1240 160.4 3899.329949509768 795.1034552709094 7262.568115234375 95.364013671875 3488.3254094684 222216
1250 242.4 3612.0412863551974 833.3583280419793 7262.568115234375 95.364013671875 3491.270862431613 223820
1260 251.8 3873.8368372716404 1569.8470962415577 8222.0 95.364013671875 3492.564808381962 226244
1270 100 3339.889412597657 743.3941976964946 8222.0 95.364013671875 3496.7614973807654 228762
1280 252.7 3761.432994750448 755.2705867846312 8222.0 95.364013671875 3496.0787383310394 229762
1290 114.2 3292.9698204134083 748.42838428377 8222.0 95.364013671875 3498.965445002349 232289
1300 200 3751.3858472900392 634.6589424953897 8222.0 95.364013671875 3497.957665387471 233431
1310 100 3555.46518701172 730.5197757120226 8222.0 95.364013671875 3500.11055249157 235431
1320 200 3817.747240600584 557.9500405507508 8222.0 95.364013671875 3500.3446784501803 236431
1330 100 4076.1259914550774 919.1199967854233 8222.0 95.364013671875 3503.007105417734 238431
1340 268.4 3846.2030981663606 822.6746676832008 8222.0 95.364013671875 3505.4007757696822 239431
1350 193.4 3740.523277811328 992.9499244904255 8222.0 95.364013671875 3509.1787880089596 242115
1360 349 3656.783724564604 847.7846586307791 8222.0 95.364013671875 3511.0121093635967 244049
1370 206.5 3884.022147751779 632.1161968301016 8222.0 95.364013671875 3513.0673125317903 247539
1380 194.8 3590.896156013379 833.8999291686769 8222.0 95.364013671875 3516.1362606845814 249604
1390 214.1 3848.4246123170033 854.2838554275875 8222.0 95.364013671875 3516.715195760035 251552
1400 307.5 3930.2426652216714 956.9343933198065 8222.0 95.364013671875 3519.5146023690013 253693
1410 141.5 3448.0618947382936 901.28618807662 8222.0 95.364013671875 3524.433395961941 256768
1420 100.4 3814.3141357908157 646.4204961844043 8222.0 95.364013671875 3524.0148336467173 258183
1430 200 3437.9346088867187 728.2367031657245 8222.0 95.364013671875 3525.1393518492223 259187
1440 190.9 3906.43463553603 703.1632450149641 8222.0 95.364013671875 3524.4715947023315 261187
1450 228.3 3823.19187025621 886.6466146876311 8222.0 95.364013671875 3527.243082847159 263096
1460 225.6 3988.049211109785 729.9883617723918 8222.0 95.364013671875 3529.7890683307687 265379
1470 179.8 3355.785162903442 1188.9671562941955 8222.0 95.364013671875 3533.651922150745 267635
1480 200.2 3243.2041087574535 967.8751568004251 8222.0 95.364013671875 3532.4649686850353 269433
1490 167.8 3922.653998610233 548.4446324210435 8222.0 95.364013671875 3530.3314920089433 271435
1500 100 3355.4865979003916 730.9776140899908 8222.0 95.364013671875 3532.7419124798726 273113
1510 235.4 3479.2346689229103 675.8917709906273 8222.0 95.364013671875 3532.095261957718 274113
1520 100 3423.411118408204 750.6046187557282 8222.0 95.364013671875 3531.6451762838255 276467
1530 200 3857.5710294189453 900.8742274584044 8222.0 95.364013671875 3531.2550972550557 277467
1540 128.5 4159.471362779668 824.4274728993325 8222.0 95.364013671875 3533.590370701752 279467
1549 177.2 3587.0417487357604 962.2535253533109 8222.0 95.364013671875 3536.4550237579015 280752
