10 655 655
20 1000 345
30 36 -964
40 608 572
50 1000 392
60 910 -90
70 0 -910
80 369 369
90 1000 631
100 0 -1000
110 1384 1384
120 754 -630
130 826 72
140 939 113
150 1000 61
160 248 -752
170 1000 752
180 1012 12
190 745 -267
200 1000 255
210 1108 108
220 968 -140
230 1000 32
240 1000 0
250 1000 0
260 712 -288
270 1004 292
280 1004 0
290 781 -223
300 1004 223
310 1110 106
320 4 -1106
330 1005 1001
340 1004 -1
350 557 -447
360 1004 447
370 1004 0
380 1004 0
390 1004 0
400 922 -82
410 4 -918
420 1004 1000
430 1004 0
440 1004 0
450 1133 129
460 1003 -130
470 932 -71
480 253 -679
490 1004 751
500 927 -77
510 1004 77
520 907 -97
530 1004 97
540 1004 0
550 990 -14
560 791 -199
570 4 -787
580 1004 1000
590 1465 461
600 1004 -461
610 407 -597
620 1938 1531
630 780 -1158
640 1228 448
650 948 -280
660 1039 91
670 39 -1000
680 1004 965
690 1004 0
700 1004 0
710 1004 0
720 1004 0
730 1004 0
740 1004 0
750 923 -81
760 1004 81
770 1004 0
780 53 -951
790 1004 951
800 1004 0
810 1004 0
820 1004 0
830 1004 0
840 1004 0
850 1230 226
860 1003 -227
870 4 -999
880 1096 1092
890 620 -476
900 702 82
910 965 263
920 886 -79
930 959 73
940 923 -36
950 1004 81
960 1125 121
970 211 -914
980 674 463
990 324 -350
1000 908 584
1010 972 64
1020 990 18
1030 1004 14
1040 225 -779
1050 748 523
1060 4 -744
1070 1003 999
1080 958 -45
1090 748 -210
1100 4 -744
1110 1004 1000
1120 681 -323
1130 1004 323
1140 1004 0
1150 1004 0
1160 1004 0
1170 765 -239
1180 1004 239
1190 1004 0
1200 673 -331
1210 1004 331
1220 1004 0
1230 951 -53
1240 890 -61
1250 4 -886
1260 1004 1000
1270 1004 0
1280 1004 0
1290 1004 0
1300 1004 0
1310 1004 0
1320 1004 0
1330 1004 0
1340 940 -64
1350 703 -237
1360 1357 654
1370 484 -873
1380 1888 1404
1390 857 -1031
1400 1004 147
1410 1004 0
1420 4 -1000
1430 1004 1000
1440 1153 149
1450 1004 -149
1460 1004 0
1470 516 -488
1480 407 -109
1490 1004 597
1500 1004 0
1510 1095 91
1520 1004 -91
1530 1004 0
1540 662 -342
1549 4 -658
