20 5.8 58
30 121.6 1274
40 60.8 1882
50 29.6 2178
60 58.1 2759
70 102.8 3787
80 53.5 4322
90 54.3 4865
100 76.8 5633
110 38.4 6017
120 49.5 6512
130 35.6 6868
140 21.5 7083
150 9.9 7182
160 0 7182
170 0 7182
180 72 7902
190 0 7902
200 0 7902
210 11 8012
220 17.5 8187
230 3.2 8219
240 0 8219
250 84.8 9067
260 57.6 9643
270 28.8 9931
280 42.4 10355
290 43.9 10794
300 22.4 11018
310 76.8 11786
320 6.4 11850
330 0 11850
340 0 11850
350 0 11850
360 0 11850
370 0 11850
380 3.9 11889
390 0 11889
400 14.3 12032
410 0 12032
420 0 12032
430 0 12032
440 0 12032
450 20.9 12241
460 24.9 12490
470 52.7 13017
480 0 13017
490 0 13017
500 61.5 13632
510 38.4 14016
520 28.4 14300
530 0 14300
540 0 14300
550 48 14780
560 91.4 15694
570 20.3 15897
580 0 15897
590 93.7 16834
600 78.5 17619
610 152 19139
620 48.1 19620
630 92 20540
640 99.2 21532
650 185.1 23383
660 75.1 24134
670 47.7 24611
680 0 24611
690 0 24611
700 0 24611
710 0 24611
720 0 24611
730 61.2 25223
740 0 25223
750 73.8 25961
760 0 25961
770 28.9 26250
780 88.5 27135
790 6.4 27199
800 0 27199
810 36.5 27564
820 48.9 28053
830 9.6 28149
840 57 28719
850 102.4 29743
860 25.6 29999
870 105.5 31054
880 53.3 31587
890 81 32397
900 38.4 32781
910 41.4 33195
920 21.4 33409
930 6.4 33473
940 23.7 33710
950 80 34510
960 74.4 35254
970 150 36754
980 68 37434
990 32 37754
1000 19.2 37946
1010 3.2 37978
1020 61.6 38594
1030 8.2 38676
1040 120.5 39881
1050 47.5 40356
1060 25.6 40612
1070 12.9 40741
1080 106 41801
1090 69.2 42493
1100 0 42493
1110 0 42493
1120 0 42493
1130 0 42493
1140 0 42493
1150 36.6 42859
1160 0 42859
1170 83.2 43691
1180 54.3 44234
1190 39.3 44627
1200 115.2 45779
1210 0 45779
1220 0 45779
1230 114 46919
1240 74.3 47662
1250 104.6 48708
1260 18.2 48890
1270 0 48890
1280 60.5 49495
1290 6.4 49559
1300 0 49559
1310 0 49559
1320 0 49559
1330 0 49559
1340 98.7 50546
1350 86.5 51411
1360 128.5 52696
1370 92.4 53620
1380 6.4 53684
1390 116.5 54849
1400 116.2 56011
1410 16.4 56175
1420 0 56175
1430 0 56175
1440 65 56825
1450 54.2 57367
1460 33.1 57698
1470 97.4 58672
1480 19.2 58864
1490 0 58864
1500 0 58864
1510 35.4 59218
1520 0 59218
1530 0 59218
1540 45.4 59672
1549 19.2 59864
