0 0 0
10 100 1000
20 94.2 1942
30 145 3392
40 100 4392
50 131.2 5704
60 87.5 6579
70 190.9 8488
80 144.1 9929
90 69.5 10624
100 199.2 12616
110 111.1 13727
120 126.3 14990
130 101 16000
140 200 18000
150 100 19000
160 200 21000
170 100 22000
180 102.1 23021
190 197.9 25000
200 100 26000
210 89.2 26892
220 207.6 28968
230 103.2 30000
240 100 31000
250 169.1 32691
260 130.9 34000
270 200 36000
280 57.6 36576
290 177.8 38354
300 164.6 40000
310 55.3 40553
320 241.5 42968
330 103.2 44000
340 100.1 45001
350 200 47001
360 100 48001
370 100 49001
380 200 51001
390 106.2 52063
400 193.8 54001
410 200 56001
420 100 57001
430 129.2 58293
440 170.8 60001
450 83.2 60833
460 216.8 63001
470 60.8 63609
480 239.2 66001
490 100 67001
500 153.9 68540
510 146.1 70001
520 100 71001
530 200 73001
540 100 74001
550 152 75521
560 148 77001
570 179.7 78798
580 120.3 80001
590 49.2 80493
600 172.3 82216
610 201.7 84233
620 118.7 85420
630 158.1 87001
640 77.6 87777
650 142.4 89201
660 170 90901
670 210 93001
680 100 94001
690 100 95001
700 200 97001
710 100 98001
720 145.1 99452
730 154.9 101001
740 100 102001
750 200 104001
760 100 105001
770 200 107001
780 194.4 108945
790 105.6 110001
800 100 111001
810 200 113001
820 119.2 114193
830 180.8 116001
840 43 116431
850 240.6 118837
860 100.5 119842
870 167.7 121519
880 142.9 122948
890 105.3 124001
900 128.3 125284
910 156.9 126853
920 114.8 128001
930 200 130001
940 100 131001
950 200 133001
960 41.3 133414
970 252.3 135937
980 106.4 137001
990 168 138681
1000 132 140001
1010 100 141001
1020 200 143001
1030 100 144001
1040 174.4 145745
1050 125.6 147001
1060 200 149001
1070 87.1 149872
1080 149.3 151365
1090 163.6 153001
1100 200.1 155002
1110 100 156002
1120 151.4 157516
1130 148.6 159002
1140 100 160002
1150 200 162002
1160 100 163002
1170 149.6 164498
1180 150.4 166002
1190 100 167002
1200 200 169002
1210 200 171002
1220 100 172002
1230 184.1 173843
1240 56.9 174412
1250 226.4 176676
1260 132.6 178002
1270 100 179002
1280 192.2 180924
1290 122.8 182152
1300 185 184002
1310 200 186002
1320 100 187002
1330 100 188002
1340 175.5 189757
1350 124.5 191002
1360 188.7 192889
1370 163.3 194522
1380 123.7 195759
1390 124.3 197002
1400 174.5 198747
1410 125.1 199998
1420 200.4 202002
1430 100 203002
1440 151.5 204517
1450 148.5 206002
1460 174.4 207746
1470 125.6 209002
1480 180.8 210810
1490 119.2 212002
1500 100 213002
1510 191 214912
1520 109 216002
1530 200 218002
1540 121.2 219214
1549 217.3 221387
