330 0.1 1
340 0 1
350 0 1
360 0 1
370 0 1
380 0 1
390 0 1
400 0 1
410 0 1
420 0 1
430 0 1
440 0 1
450 0 1
460 0 1
470 0 1
480 0 1
490 0 1
500 0 1
510 0 1
520 0 1
530 0 1
540 0 1
550 0 1
560 0 1
570 0 1
580 0 1
590 0 1
600 0 1
610 0 1
620 0 1
630 0 1
640 0 1
650 0 1
660 0 1
670 0 1
680 0 1
690 0 1
700 0 1
710 0 1
720 0 1
730 0 1
740 0 1
750 0 1
760 0 1
770 0 1
780 0 1
790 0 1
800 0 1
810 0 1
820 0 1
830 0 1
840 0 1
850 0 1
860 0 1
870 0 1
880 0 1
890 0 1
900 0 1
910 0 1
920 0 1
930 0 1
940 0 1
950 0 1
960 0 1
970 0 1
980 0 1
990 0 1
1000 0 1
1010 0 1
1020 0 1
1030 0 1
1040 0 1
1050 0 1
1060 0 1
1070 0 1
1080 0 1
1090 0.1 2
1100 0 2
1110 0 2
1120 0 2
1130 0 2
1140 0 2
1150 0 2
1160 0 2
1170 0 2
1180 0 2
1190 0 2
1200 0 2
1210 0 2
1220 0 2
1230 0 2
1240 0 2
1250 0 2
1260 0 2
1270 0 2
1280 0 2
1290 0 2
1300 0 2
1310 0 2
1320 0 2
1330 0 2
1340 0 2
1350 0 2
1360 0 2
1370 0 2
1380 0 2
1390 0 2
1400 0 2
1410 0 2
1420 0 2
1430 0 2
1440 0 2
1450 0 2
1460 0 2
1470 0 2
1480 0 2
1490 0 2
1500 0 2
1510 0 2
1520 0 2
1530 0 2
1540 0 2
1549 0 2
