10 964.4 524.4314250906468 1112.535034611766 5012.383056640625 17.39794921875 0 0
20 1129.7 804.1990139631927 1456.8758518948787 5367.512939453125 11.363037109375 524.4314250906468 9644
30 1355.5 553.0517665478883 1129.0453892662304 5367.512939453125 7.177001953125 675.3570949007395 20941
40 1356.9 697.6589451368947 1438.8323180777825 6720.408935546875 1.2138671875 627.2979365686749 34496
50 1263.9 714.0379996122814 1346.6179419712246 6720.408935546875 1.2138671875 647.1612159874239 48065
60 992.3 693.1783296815141 1306.1306659182244 6720.408935546875 1.2138671875 661.0854329786366 60704
70 1476.5 629.9967443231731 1287.2969149287023 6720.408935546875 1.2138671875 665.594442479007 70627
80 1441.1 650.1089110802933 1281.0885073207376 6720.408935546875 1.2138671875 659.439298984641 85392
90 1082.1 837.6012635117783 1572.2286150486989 6720.408935546875 0.89013671875 658.0920426888429 99803
100 1592 614.6577133715441 1166.6853144067986 6720.408935546875 0.89013671875 675.6512457417517 110624
110 1187 914.8845522539111 1631.8134387375562 6720.408935546875 0.89013671875 667.977890740063 126544
120 1246.5 533.7969900291138 1242.9485951744077 6720.408935546875 0.89013671875 689.1519199001867 138414
130 1650.8 468.29126078607857 993.5592004085935 6720.408935546875 0.89013671875 676.3171370553712 150879
140 1355.2 710.8385130106496 1408.97048389748 6720.408935546875 0.89013671875 655.8012596846465 167387
150 1657.9 488.10765516264 830.6836062558885 6720.408935546875 0.89013671875 659.9234492461783 180939
160 1248.2 530.732732185128 914.2177651887234 6720.408935546875 0.89013671875 645.5018064080016 197518
170 1100 822.4682231001417 1290.2934338385232 6720.408935546875 0.89013671875 638.6801512439544 210000
180 1498.8 439.82718559287696 920.0321349917476 6720.408935546875 0.89013671875 647.8279738250316 221000
190 1331.3 660.7150636837873 1444.3557727652944 6720.408935546875 0.8720703125 634.617489334195 235988
200 1169.9 765.8773001473484 1286.3340153959705 6720.408935546875 0.8720703125 636.0111339939282 249301
210 1266.4 444.15467777601566 965.799805413598 6720.408935546875 0.8720703125 641.832223181012 261000
220 1389.8 719.8492423208654 1138.4243202203838 7182.78515625 0.8720703125 632.6845514557983 273664
230 1358.1 659.1353975575088 1271.6021839047273 7182.78515625 0.8720703125 636.897259927859 287562
240 1194.2 582.5482900424973 1071.370972124323 7182.78515625 0.8720703125 637.900159371473 301143
250 1647.9 702.5178921788236 1454.9582905364052 7182.78515625 0.8720703125 635.7888732238561 313085
260 1271.4 564.2301866076195 1314.837568008883 7182.78515625 0.8720703125 639.1254861529349 329564
270 1872.2 588.8155187267158 1337.253544067555 7182.78515625 0.8720703125 636.3434819387605 342278
280 1202.2 500.4817674757754 844.669789414391 7182.78515625 0.8720703125 633.8786106721236 361000
290 1052.3 803.231266319351 1378.8914846291652 7182.78515625 0.8720703125 629.5794088853484 373022
300 1745.5 623.8415767218394 1254.051596000934 7182.78515625 0.69091796875 634.3437481304903 383545
310 1192 522.6856204653731 1050.620083383849 7182.78515625 0.69091796875 633.8866024897472 401000
320 1679.2 670.5774896847973 1198.8414264932755 7182.78515625 0.69091796875 630.676499550363 412920
330 1128.9 770.1058325495919 1314.6757826176795 7182.78515625 0.69091796875 632.2357239293365 429712
340 1578.5 475.9897378345759 769.8620950894268 7182.78515625 0.69091796875 635.7650031287353 441001
350 1322.4 576.7711536479004 994.2454103327694 7182.78515625 0.69091796875 630.2437030830503 456786
360 1121.4 920.8083277294647 1269.814462771506 7182.78515625 0.69091796875 628.739222340661 470010
370 1437.2 497.0613934511349 820.0006897715527 7182.78515625 0.69091796875 635.5453312376196 481224
380 1594.6 616.0329262046749 1282.7491954807958 7182.78515625 0.69091796875 631.5293763996722 495596
390 1234.5 552.0749457531222 878.6560818202213 7182.78515625 0.69091796875 631.0463146084421 511542
400 1747 548.2342983479494 1233.909207800419 7182.78515625 0.69091796875 629.1854141689982 523887
410 1865.3 395.8412029299284 936.6172043764943 7182.78515625 0.69091796875 626.5730604109536 541357
420 1100 874.5309550559289 1397.1893956811841 7182.78515625 0.69091796875 618.887766688353 560010
430 1696.6 479.4391548492183 736.1209455793537 7182.78515625 0.69091796875 623.8125054355612 571010
440 1303.4 846.8863925111442 1289.9746142041706 7182.78515625 0.69091796875 619.6466240627707 587976
450 1489.8 444.6987224061087 903.9894484315529 7182.78515625 0.69091796875 624.5747336482286 601010
460 1510.1 848.1464165213351 1538.5124815800598 7182.78515625 0.69091796875 620.2237708169533 615908
470 1485.6 433.8235213649997 961.2624131480645 7182.78515625 0.69091796875 625.6783045443357 631009
480 1414.5 717.3208268263678 1294.058413219739 7182.78515625 0.69091796875 621.2653162899602 645865
490 1110.1 828.3667213653688 1366.910588444617 7182.78515625 0.69091796875 623.3239293360314 660010
500 1675 645.1405273145992 1316.8829615629766 7182.78515625 0.69091796875 626.7155888890974 671111
510 1389.2 932.1412247543267 1567.3121767261068 7182.78515625 0.69091796875 627.1642518001029 687861
520 1570.3 504.28358195263996 957.8538453385938 7182.78515625 0.69091796875 633.201618378201 701753
530 1355.4 895.9701053100933 1339.847609096829 7182.78515625 0.69091796875 630.3799820325706 717456
540 1406.7 560.7186670751448 915.1108003573465 7182.78515625 0.69091796875 635.3044133411759 731010
550 1522.8 638.7161545709642 1381.139902727892 7182.78515625 0.69091796875 633.8962398333044 745077
560 1111.7 822.6506117944008 1363.2795946650722 7182.78515625 0.69091796875 633.9927769619896 760305
570 1676.1 543.5803660947023 1085.129126725171 7182.78515625 0.69091796875 636.711534204889 771422
580 1282.7 689.7623360201823 1278.302055846941 7182.78515625 0.69091796875 634.7310658254709 788183
590 1601.7 528.3302578809102 908.4909108078007 7182.78515625 0.69091796875 635.6123108820714 801010
600 1300.7 1067.9564963066805 1789.8505936223803 7182.78515625 0.69091796875 633.5091531615558 817027
610 1269.7 734.4907450571177 1373.9756660256342 7182.78515625 0.55810546875 640.317135234927 830034
620 1009.1 1476.321500468778 1979.6540900152834 7182.78515625 0.55810546875 641.7360011884904 842731
630 1855.6 513.6085562947546 1131.4851791191318 7182.78515625 0.55810546875 651.6112181425997 852822
640 1458.7 830.1379499303989 1500.8184463829411 7182.78515625 0.55810546875 648.6724505890826 871378
650 759.4 1539.468687309163 1925.723797795532 7182.78515625 0.55810546875 651.6601952955798 885965
660 1641.5 856.161588432597 1673.02140130582 7320.421875 0.55810546875 659.2053240317362 893559
670 1981.6 602.142098886912 1199.4495812483613 7320.421875 0.55810546875 662.7582135430191 909974
680 1122 866.2624573515479 1204.4841823580266 7320.421875 0.55810546875 661.4663423376659 929790
690 1576.3 554.5239308304094 807.0872744640583 7320.421875 0.55810546875 663.9081999273362 941010
700 1423.7 699.2862687815255 1397.3566682958967 7320.421875 0.55810546875 662.1060752501402 956773
710 1449.4 521.2776432408411 867.5845846434713 7320.421875 0.55810546875 662.6512132150492 971010
720 1148.1 424.2285422484707 938.5869257518891 7320.421875 0.55810546875 660.5720044820495 985504
730 1509.9 969.924932651528 1616.5443139146753 7320.421875 0.55810546875 657.8503393718385 996985
740 992.6 611.6824574606006 990.685716001628 7320.421875 0.55810546875 662.5060935226106 1012084
750 1908.5 786.1209237278329 1592.3444566894761 7320.421875 0.55810546875 662.0124824898893 1022010
760 1044.8 635.1534549543741 1123.8155563315522 7320.421875 0.55810546875 664.2875962893276 1041095
770 1946.7 601.2689577007533 1253.1009309368962 7320.421875 0.55810546875 663.9981230973918 1051543
780 1849.5 642.8472284527925 1206.041717796495 7320.421875 0.55810546875 662.8579389135127 1071010
790 1150.9 822.7231501739137 1450.7109100258353 7320.421875 0.55810546875 662.5182451168151 1089505
800 1073.5 629.1487790239622 1168.7335946635924 7320.421875 0.55810546875 664.1928816357895 1101014
810 1926.1 657.9669439728655 1340.8137610590547 7320.421875 0.55810546875 663.8544973048498 1111749
820 1653 662.1919049733199 1162.8785482570445 7320.421875 0.55810546875 663.7542327937249 1131010
830 1347 748.3861859724453 1315.2026074045173 7320.421875 0.55810546875 663.7317278885614 1147540
840 1006.3 596.3424674307722 1066.2430447972376 7320.421875 0.55810546875 664.7138861390415 1161010
850 1804.5 856.8950953643423 1565.5339711300835 7320.421875 0.55810546875 664.1263723064612 1171073
860 1173.2 519.4220817662188 1291.0647650146966 7320.421875 0.55810546875 667.051659458434 1189118
870 1530.2 621.3882923417897 1249.7733508761467 7320.421875 0.55810546875 665.6093559188702 1200850
880 1438.9 838.8245847318807 1478.0153039783445 7320.421875 0.55810546875 665.0529528419056 1216152
890 1345.4 644.3737887329634 1372.5067619902345 7320.421875 0.55810546875 667.084904651122 1230541
900 752.1 802.94078124221 1469.7041524815268 7320.421875 0.55810546875 666.8392803893179 1243995
910 1851.1 642.0155928057756 1294.4379073865061 7320.421875 0.55810546875 667.6571839462157 1251516
920 1528.9 564.7719894549914 908.1734406497972 7320.421875 0.55810546875 667.2834505581849 1270027
930 1564.9 697.7689414371996 1327.0451489201066 7320.421875 0.531982421875 666.0640634745364 1285316
940 1184 619.1642659986354 1189.4883707602605 7320.421875 0.531982421875 666.4454339458694 1300965
950 1820.5 732.320588329958 1511.508945124899 7320.421875 0.531982421875 666.0190118736688 1312805
960 936.6 554.6126526517534 1030.8844796465253 7320.421875 0.531982421875 666.9258572011921 1331010
970 1938.9 732.4930331716918 1417.6165460456707 7320.421875 0.531982421875 666.1410584030862 1340376
980 1204.4 864.1462759716647 1552.71539282868 7320.421875 0.531982421875 667.0871766211521 1359765
990 1574 511.3303408010767 1169.608519513256 7320.421875 0.531982421875 668.8172861280715 1371809
1000 1353.9 803.4837818242949 1362.2861930320848 7320.421875 0.531982421875 667.0307946099724 1387549
1010 1060.7 559.263668330393 1084.7754335000825 7320.421875 0.531982421875 668.3493677430623 1401088
1020 1930.5 729.1849795025589 1483.17321444093 7320.421875 0.531982421875 667.5297345973261 1411695
1030 1012.5 678.939452329282 1217.8391342657108 7320.421875 0.531982421875 668.3614987502929 1431000
1040 1827.9 681.7461754240474 1421.6713481955235 7320.421875 0.531982421875 668.4358169253209 1441125
1050 1162.3 966.2559228099722 1572.4424610207766 7320.421875 0.531982421875 668.6025288453911 1459404
1060 1898.3 427.1557473144166 1061.4253209123656 7320.421875 0.531982421875 670.9543724200165 1471027
1070 1087.1 851.142780561169 1399.2405884122231 7320.421875 0.531982421875 667.8483333327757 1490010
1080 1335.6 972.6558594773684 1638.8056325283655 7320.421875 0.531982421875 669.1759495367386 1500881
1090 1758.2 596.9611596593636 1270.3825941424159 7320.421875 0.531982421875 671.8527284538876 1514237
1100 1820.1 551.0348958521104 1030.4073336184917 7320.421875 0.531982421875 670.9931337089828 1531819
1110 1116.9 847.5589711198413 1351.8994109978623 7320.421875 0.531982421875 669.5845326023953 1550020
1120 1816.1 486.6302406954224 721.6772290096662 7320.421875 0.531982421875 670.8577906792849 1561189
1130 1167 924.5680441260606 1344.0795372055343 7320.421875 0.531982421875 668.7393517422178 1579350
1140 1167.2 631.7892342058252 1243.5996618248569 7320.421875 0.531982421875 670.6158340240995 1591020
1150 1832.8 697.6224109211735 1538.9502854741543 7320.421875 0.531982421875 670.3330697293512 1602692
1160 1010.2 589.3535421126394 981.4058254287588 7320.421875 0.531982421875 670.641615611181 1621020
1170 1030.1 828.3482246158218 1657.3529956672087 7320.421875 0.531982421875 670.1381755751308 1631122
1180 1959.7 791.2380145727408 1485.1833605685372 7320.421875 0.531982421875 671.131046830845 1641423
1190 1184.5 746.4171632817428 1345.0437816348042 7320.421875 0.531982421875 672.5480895195772 1661020
1200 1833.8 751.4647598757552 1416.4636971316168 7320.421875 0.531982421875 673.0711318324434 1672865
1210 1368.6 596.9135476390704 1329.4942054484163 7320.421875 0.531982421875 673.9211671925144 1691203
1220 1681.3 609.9535338371662 1208.0336780583214 7320.421875 0.531982421875 673.3029883660873 1704889
1230 1783.1 804.2062876692132 1555.893578768944 7320.421875 0.531982421875 672.6843596028084 1721702
1240 1101 736.9286801815467 1525.7445608776936 7320.421875 0.531982421875 674.0325188497742 1739533
1250 1793.2 845.8522886318382 1469.526151082957 7320.421875 0.531982421875 674.4281028121577 1750543
1260 1292.3 914.0000276955968 1787.94909243709 8399.144775390625 0.531982421875 676.1663114383009 1768475
1270 1467.5 515.127827722399 866.4366609567553 8399.144775390625 0.531982421875 677.8916558673352 1781398
1280 1522.1 930.2184795702691 1521.3415847600843 8399.144775390625 0.531982421875 676.5617771942374 1796073
1290 1707 528.517026055395 880.3042105789817 8399.144775390625 0.531982421875 678.6933520058724 1811294
1300 1476.4 720.3010632420127 1357.4477492605442 8399.144775390625 0.531982421875 677.291273489792 1828364
1310 1573.5 537.0685587526314 930.5048237489024 8399.144775390625 0.531982421875 677.6357946168662 1843128
1320 1241.5 894.7034194632874 1456.4110174015568 8399.144775390625 0.531982421875 676.4459137830856 1858863
1330 1112.8 626.8508939873329 1221.344555009025 8399.144775390625 0.531982421875 677.8939439170474 1871278
1340 1846.9 856.4991257521064 1566.1030180933635 8399.144775390625 0.531982421875 677.5921986720695 1882406
1350 1160.8 758.6614724809255 1476.8268962434672 8399.144775390625 0.531982421875 679.3304676462215 1900875
1360 1786.9 801.7910034377774 1509.413193298251 8399.144775390625 0.531982421875 679.811974830401 1912483
1370 1581.5 688.2215924051046 1401.3376225613863 8399.144775390625 0.531982421875 680.9411177339674 1930352
1380 1149.5 805.1865345666581 1537.374714883053 8399.144775390625 0.531982421875 681.0002805431837 1946167
1390 1380.8 827.7453847202194 1508.3228112436057 8399.144775390625 0.531982421875 681.729477406585 1957662
1400 1929.5 795.327484527847 1555.660704834445 8399.144775390625 0.531982421875 682.7521597949483 1971470
1410 1253.7 641.097436237177 1233.5324040419828 8399.144775390625 0.531982421875 683.8432684344519 1990765
1420 1671.8 480.66760167746224 925.928442005301 8399.144775390625 0.531982421875 683.5757578453059 2003302
1430 1146.2 858.3476216800951 1354.4290828694243 8399.144775390625 0.531982421875 681.8964583557889 2020020
1440 1635.7 624.9105611559684 1313.4305146534134 8399.144775390625 0.531982421875 682.8920287000121 2031482
1450 1673 861.9627675915517 1494.8326959527888 8399.144775390625 0.531982421875 682.4289049560958 2047839
1460 1548 821.5817529328425 1475.6659861173755 8399.144775390625 0.531982421875 683.8837371859177 2064569
1470 1237 634.0101185335321 1378.1873732883041 8399.144775390625 0.531982421875 684.9085040465841 2080049
1480 1679.6 532.0913295250697 1183.9760466074842 8399.144775390625 0.531982421875 684.607602062423 2092419
1490 1226.7 901.2511649569874 1456.5431447165154 8399.144775390625 0.531982421875 683.3930917761139 2109215
1500 1629.1 500.6125781711604 834.3522755604567 8399.144775390625 0.531982421875 684.6528078537001 2121482
1510 1309 762.6324049399609 1400.3364897629115 8399.144775390625 0.531982421875 683.250320600957 2137773
1520 1313.1 613.5547489674361 1114.8409649567986 8399.144775390625 0.531982421875 683.7334343483215 2150863
1530 1702.6 681.2343223604975 1358.2176729211892 8399.144775390625 0.531982421875 683.307593834098 2163994
1540 1774.7 442.6595720293404 1100.227069615932 8399.144775390625 0.531982421875 683.2914089664171 2181020
1549 1510.3 670.1400967749299 1313.3379655724723 8399.144775390625 0.531982421875 681.3491871620502 2198767
