10 100 9724.689079834003 923.7084198177865 11317.7490234375 8049.820068359375 0 0
20 94.2 11126.924334548346 748.9580277924879 12435.33203125 8049.820068359375 9724.689079834003 1000
30 145 11444.417713496767 2037.4403532358247 16994.151123046875 8049.820068359375 10404.867045817995 1942
40 100 11799.462080322272 1263.2081593367634 16994.151123046875 8049.820068359375 10849.250438546243 3392
50 131.2 10952.14988801536 711.8154798875416 16994.151123046875 8049.820068359375 11065.600994506178 4392
60 87.5 12394.762953125 3313.1954759228142 17355.594970703125 8049.820068359375 11039.505648833674 5704
70 190.9 12178.444995078822 2661.615609164064 17355.594970703125 8049.820068359375 11219.753428322185 6579
80 144.1 11835.327779035279 1221.2901517054518 17355.594970703125 8049.820068359375 11435.368673484581 8488
90 69.5 11031.102241175806 1702.892276425147 17355.594970703125 8049.820068359375 11493.414908865641 9929
100 199.2 11346.681051598975 2422.4783624167885 17355.594970703125 8049.820068359375 11463.171374975916 10624
110 111.1 10962.615157243263 989.304097923903 17355.594970703125 8049.820068359375 11444.778166021662 12616
120 126.3 10407.168068493911 1113.154435623031 17355.594970703125 8049.820068359375 11405.754118323492 13727
130 101 11067.163184560637 2078.8852327917 17355.594970703125 8049.820068359375 11321.617081570004 14990
140 200 10459.425743774422 955.1781820394891 17355.594970703125 8049.820068359375 11305.554679321289 16000
150 100 8516.58496044923 716.9337478631726 17355.594970703125 7264.5888671875 11211.540353149414 18000
160 200 9106.893234008785 1058.8086597582371 17355.594970703125 7182.20703125 11069.700595638877 19000
170 100 10263.16582812501 1138.2376823298669 17355.594970703125 7182.20703125 10882.766561197916 21000
180 102.1 9724.072445920818 1693.9933763775148 17355.594970703125 7112.97607421875 10854.602891512783 22000
190 197.9 11987.768388267232 2933.6248774123846 17852.656005859375 7112.97607421875 10804.462950374284 23021
200 100 10335.964367431641 847.4137448229324 17852.656005859375 7112.97607421875 10898.133408837888 25000
210 89.2 10070.617346246152 1026.6181979443702 17852.656005859375 7112.97607421875 10876.511522629955 26000
220 207.6 11251.386619259174 2367.62559092002 17987.984130859375 7112.97607421875 10849.780241753324 26892
230 103.2 9662.042682263265 1058.753848200029 17987.984130859375 7112.97607421875 10878.561477589494 28968
240 100 10018.8849963379 923.7278483667404 17987.984130859375 7112.97607421875 10836.713231030271 30000
250 169.1 11401.509980457207 2399.8593589495977 17987.984130859375 7112.97607421875 10810.331675072453 31000
260 130.9 11018.87188268416 1594.4476863685613 17987.984130859375 7112.97607421875 10840.911422232393 32691
270 200 9992.2831328125 933.2823812616625 17987.984130859375 7112.97607421875 10847.762899959787 34000
280 57.6 9890.00253804524 716.8553870963732 17987.984130859375 7112.97607421875 10800.236246229382 36000
290 177.8 12046.215059878981 2752.107055356803 17987.984130859375 7112.97607421875 10785.90185712412 36576
300 164.6 9329.707281471909 1048.5620641862058 17987.984130859375 7112.97607421875 10844.326972483617 38354
310 55.3 12478.846161826828 2625.6833792613143 17987.984130859375 7112.97607421875 10782.000372198485 40000
320 241.5 10644.025688142976 2272.7854979007466 17987.984130859375 7112.97607421875 10805.139368614644 40553
330 103.2 9938.327260571874 994.4387761868295 17987.984130859375 7112.97607421875 10796.084035847489 42968
340 100.1 9800.745589615466 682.7961595164402 17987.984130859375 7112.97607421875 10775.965740572843 44000
350 200 9600.113909423866 1039.5076206002475 17987.984130859375 7112.97607421875 10754.272992164844 45001
360 100 10021.725480957042 627.1648321552475 17987.984130859375 7112.97607421875 10705.160884646239 47001
370 100 9381.170405761712 730.4231162783277 17987.984130859375 7112.97607421875 10690.922943693151 48001
380 200 9792.902723144543 1035.664755505738 17987.984130859375 7112.97607421875 10664.193845553697 49001
390 106.2 8090.942378444637 740.3299839400225 17987.984130859375 6759.587890625 10630.026236196658 51001
400 193.8 10127.785811070944 1384.20312322657 17987.984130859375 6759.587890625 10578.233080655627 52063
410 200 9523.695437377904 670.206290426547 17987.984130859375 6759.587890625 10562.067328012989 54001
420 100 9551.746945556633 613.3789381530033 17987.984130859375 6759.587890625 10524.983279848311 56001
430 129.2 9036.379686101676 917.0548259487953 17987.984130859375 6759.587890625 10507.909257738318 57001
440 170.8 9265.321697297639 809.347679991973 17987.984130859375 6759.587890625 10475.294429087287 58293
450 83.2 10090.837224226752 887.3810997906015 17987.984130859375 6759.587890625 10440.851112710949 60001
460 216.8 11236.07827105646 2049.8188254323004 17987.984130859375 6759.587890625 10436.064047216581 60833
470 60.8 9970.147165398841 812.7802289983443 17987.984130859375 6759.587890625 10463.594258439973 63001
480 239.2 10270.215499622778 2547.3187841242643 17987.984130859375 6759.587890625 10458.87769580624 63609
490 100 10086.194662109363 789.5285428045667 17987.984130859375 6759.587890625 10452.040224051709 66001
500 153.9 12360.008556978197 2760.7070075397805 17987.984130859375 6759.587890625 10446.579924027197 67001
510 146.1 11054.980709214324 2854.0432329156 17987.984130859375 6759.587890625 10489.544129835653 68540
520 100 10707.863041259778 2387.712731277748 17987.984130859375 6759.587890625 10501.345430423818 70001
530 200 9982.77069689941 689.9145883387025 17987.984130859375 6759.587890625 10504.254088200976 71001
540 100 9647.039851074227 875.4794409495817 17987.984130859375 6759.587890625 10489.967067713544 73001
550 152 9858.380007292113 1035.4944471639797 17987.984130859375 6759.587890625 10478.576313309693 74001
560 148 12192.69180941196 2790.778340559372 17987.984130859375 6759.587890625 10466.093713964521 75521
570 179.7 10234.890156826035 1214.259113731981 17987.984130859375 6759.587890625 10499.279843771435 77001
580 120.3 9751.101932668338 926.289489880921 17987.984130859375 6759.587890625 10493.250398005795 78798
590 49.2 14706.127955987204 650.5827315199542 17987.984130859375 6759.587890625 10482.090479957258 80001
600 172.3 11974.418624939915 3068.9044781682355 17987.984130859375 6759.587890625 10507.909202556822 80493
610 201.7 12213.945709031825 2754.2066663500855 17987.984130859375 6759.587890625 10538.642827821566 82216
620 118.7 13681.893584510917 2517.8970515119813 17987.984130859375 6759.587890625 10578.758767078165 84233
630 158.1 11918.564637195605 2453.361718473552 17987.984130859375 6759.587890625 10621.880062188124 85420
640 77.6 15524.292041896544 975.6970594598934 17987.984130859375 6759.587890625 10645.443679998112 87001
650 142.4 14104.286040059633 3014.995218178792 18747.0380859375 6759.587890625 10688.575552001406 87777
660 170 13207.879647575826 4039.494462731741 20715.73388671875 6759.587890625 10743.103771808303 89201
670 210 11800.508685942148 3173.1058915024487 20715.73388671875 6759.587890625 10789.199183176766 90901
680 100 9754.343571044928 948.9521570193017 20715.73388671875 6759.587890625 10812.034958660981 93001
690 100 9892.873390136716 802.9008241824139 20715.73388671875 6759.587890625 10800.78304232375 94001
700 200 9684.253337524426 954.9446983622237 20715.73388671875 6759.587890625 10791.226199214867 95001
710 100 9090.976611083977 737.7704491265482 20715.73388671875 6759.587890625 10768.402251798027 97001
720 145.1 9561.355965612367 953.9948042846422 20715.73388671875 6759.587890625 10751.285838284755 98001
730 154.9 11886.833219485106 3705.6092273476947 20715.73388671875 6759.587890625 10733.92481743804 99452
740 100 9806.84046972657 924.1822947414108 20715.73388671875 6759.587890625 10751.606376182714 101001
750 200 12252.827693359384 2966.992756904857 20715.73388671875 6759.587890625 10742.344056142165 102001
760 100 10264.033219238285 582.6835328737759 20715.73388671875 6759.587890625 10771.39153909362 104001
770 200 10577.59957324218 1886.9440142173823 20715.73388671875 6759.587890625 10766.559601113455 105001
780 194.4 11367.77163671172 3415.0777477903544 20715.73388671875 6759.587890625 10763.027670984367 107001
790 105.6 10163.396261041806 734.4559370512194 20715.73388671875 6759.587890625 10773.818641376529 108945
800 100 9635.693904296886 768.4690750737064 20715.73388671875 6759.587890625 10767.958639798057 110001
810 200 10543.471232666012 2588.1025014510597 20715.73388671875 6759.587890625 10757.75814849166 111001
820 119.2 12497.327978761401 3037.4404889472344 20715.73388671875 6759.587890625 10753.965493279307 113001
830 180.8 10221.619511697152 980.5629883520809 20715.73388671875 6759.587890625 10772.163527157869 114193
840 43 10582.957365665878 269.33423259892345 20715.73388671875 6759.587890625 10763.582708199818 116001
850 240.6 12150.412896388589 2688.7195493797017 20715.73388671875 6759.587890625 10762.915627291042 116431
860 100.5 11528.90496419271 1088.2585885208057 20715.73388671875 6759.587890625 10791.007201711876 118837
870 167.7 11537.489594251965 2681.3782070900684 20715.73388671875 6759.587890625 10797.195243060429 119842
880 142.9 11561.276745614017 1782.371399346798 20715.73388671875 6759.587890625 10807.41153538466 121519
890 105.3 10665.338157487155 1886.914769555622 20715.73388671875 6759.587890625 10816.173559861818 122948
900 128.3 10361.384877705148 1708.191641892511 20715.73388671875 6759.587890625 10814.8926856858 124001
910 156.9 10729.933979955875 1316.5413673328487 20715.73388671875 6759.587890625 10810.248433286139 125284
920 114.8 10582.808671798448 2169.554689166163 20715.73388671875 6759.587890625 10809.2550521499 126853
930 200 9642.210772094699 776.4085186666983 20715.73388671875 6759.587890625 10807.224127042726 128001
940 100 10095.734589355481 2070.115234125529 20715.73388671875 6759.587890625 10789.300982529252 130001
950 200 11281.007698364243 2161.1514052220114 20715.73388671875 6759.587890625 10784.00662299632 131001
960 41.3 12449.152007391609 2922.989757832332 20715.73388671875 6759.587890625 10791.48026718498 133001
970 252.3 12789.622920111553 2430.013950548833 20715.73388671875 6759.587890625 10796.611800822418 133414
980 106.4 11311.011691903714 1336.290197813127 20715.73388671875 6759.587890625 10833.60222325315 135937
990 168 9314.726575869612 864.5409189351119 20715.73388671875 6759.587890625 10837.309960237875 137001
1000 132 9898.297416733241 1007.3915626865289 20715.73388671875 6759.587890625 10818.865183478703 138681
1010 100 9443.089681884758 682.4453110965507 20715.73388671875 6759.587890625 10810.18560653208 140001
1020 200 11483.479680297873 2772.9729927221415 20715.73388671875 6759.587890625 10800.489959517894 141001
1030 100 10462.683912597657 494.7529789374572 20715.73388671875 6759.587890625 10810.042196506167 143001
1040 174.4 13166.550714475306 3106.3288571666817 20715.73388671875 6759.587890625 10807.63000295259 144001
1050 125.6 10807.484002763293 2025.5852199898713 20715.73388671875 6759.587890625 10835.857096306707 145745
1060 200 9604.720460937519 922.8481643548449 20715.73388671875 6759.587890625 10835.61467206816 147001
1070 87.1 10752.958008092788 634.3883869301565 20715.73388671875 6759.587890625 10819.09271300573 149001
1080 149.3 13927.261473301187 2839.5129278338163 20715.73388671875 6759.587890625 10818.708362840394 149872
1090 163.6 10501.353137774104 823.8300479521579 20715.73388671875 6759.587890625 10849.36980897337 151365
1100 200.1 8988.56068620963 724.7787920909186 20715.73388671875 6759.587890625 10845.648556994089 153001
1110 100 8366.33732543946 755.0888467283977 20715.73388671875 6759.587890625 10821.67446098604 155002
1120 151.4 8573.358405371477 701.1472436490455 20715.73388671875 6759.587890625 10805.935322157393 156002
1130 148.6 9970.525284162595 742.4549888834216 20715.73388671875 6759.587890625 10784.4764135258 157516
1140 100 9711.181049072264 816.0108441467529 20715.73388671875 6759.587890625 10776.869393625208 159002
1150 200 11167.901525756817 1609.291275156939 20715.73388671875 6759.587890625 10770.208924727613 160002
1160 100 10369.189002441406 604.5754684659304 20715.73388671875 6759.587890625 10775.118649311622 162002
1170 149.6 12976.352718577653 2240.2859818450656 20715.73388671875 6759.587890625 10772.628313936166 163002
1180 150.4 12244.452033022631 3735.653872807378 20715.73388671875 6759.587890625 10792.669723007059 164498
1190 100 12766.650554443357 2805.2319498014367 20715.73388671875 6759.587890625 10805.823062088897 166002
1200 200 11135.141334838874 2118.261569547304 20715.73388671875 6759.587890625 10817.564403464177 167002
1210 200 9475.065609985359 1067.6995487947747 20715.73388671875 6759.587890625 10821.322665867872 169002
1220 100 8864.08136035157 476.9279986715749 20715.73388671875 6759.587890625 10805.577153465883 171002
1230 184.1 12461.270626501191 3029.1800716450402 20715.73388671875 6759.587890625 10794.289518478416 172002
1240 56.9 11236.865059314581 495.30120047774574 20715.73388671875 6759.587890625 10811.942873631455 173843
1250 226.4 12776.889244915303 3552.41542457909 20715.73388671875 6759.587890625 10813.329135606855 174412
1260 132.6 11285.284517544245 3135.228766230574 20715.73388671875 6759.587890625 10838.49101434236 176676
1270 100 9064.144755371086 475.9235211389948 20715.73388671875 6759.587890625 10841.81933753674 178002
1280 192.2 11167.895198889493 2571.380920700953 20715.73388671875 6759.587890625 10831.888305580864 179002
1290 122.8 10063.609149348851 1871.8197183969357 20715.73388671875 6759.587890625 10835.457789170321 180924
1300 185 9912.541901129669 759.0167138999836 20715.73388671875 6759.587890625 10830.254277105118 182152
1310 200 9806.839496093746 590.97024369935 20715.73388671875 6759.587890625 10821.027377965138 184002
1320 100 9684.200692138687 473.8644668106056 20715.73388671875 6759.587890625 10810.12224918296 186002
1330 100 10688.71700488283 701.7385349856675 20715.73388671875 6759.587890625 10804.101342684397 187002
1340 175.5 12298.278801499053 2963.307328129143 20715.73388671875 6759.587890625 10803.487602735877 188002
1350 124.5 13194.094170039538 2223.067016733436 20715.73388671875 6759.587890625 10817.312434251075 189757
1360 188.7 12427.421975787262 3035.4040823376254 20715.73388671875 6759.587890625 10832.804906900872 191002
1370 163.3 11380.151694452532 3577.37747665574 22720.4560546875 6759.587890625 10848.404772154923 192889
1380 123.7 10856.65873344501 672.7374721546146 22720.4560546875 6759.587890625 10852.868754244928 194522
1390 124.3 13951.053974915782 2438.960624270791 22720.4560546875 6759.587890625 10852.89270310179 195759
1400 174.5 12485.472115083274 3109.086255625763 22720.4560546875 6759.587890625 10872.440801399598 197002
1410 125.1 11325.928183039501 1450.407918878986 22720.4560546875 6759.587890625 10886.603227209183 198747
1420 200.4 9664.344050789992 895.550256132127 22720.4560546875 6759.587890625 10889.351232287952 199998
1430 100 9269.45538793946 741.3558686252898 22720.4560546875 6759.587890625 10877.198311070728 202002
1440 151.5 12399.64150922417 2787.104553671574 22720.4560546875 6759.587890625 10869.278473221193 203002
1450 148.5 11244.056693069999 3109.8283380471594 22720.4560546875 6759.587890625 10880.614939136225 204517
1460 174.4 10888.202176155297 2120.09299389646 22720.4560546875 6759.587890625 10883.234870032971 206002
1470 125.6 11872.74074559302 1310.165158424653 22720.4560546875 6759.587890625 10883.276569906266 207746
1480 180.8 9431.688002324727 674.3730160157966 22720.4560546875 6759.587890625 10889.222766615687 209002
1490 119.2 10274.19554127944 833.112256336803 22720.4560546875 6759.587890625 10876.722302435439 210810
1500 100 9824.992465576175 453.9108836159675 22720.4560546875 6759.587890625 10873.334542417619 212002
1510 191 10930.788344777686 2110.0579002193936 22720.4560546875 6759.587890625 10868.412794843223 213002
1520 109 9653.996508117116 2089.118161557182 22720.4560546875 6759.587890625 10868.967148720043 214912
1530 200 10695.014041381814 760.938671098909 22720.4560546875 6759.587890625 10862.836103645195 216002
1540 121.2 10867.823725432863 1953.4389990397356 22720.4560546875 6759.587890625 10861.296465822943 218002
1549 217.3 9153.070169251367 2212.2700265758267 22720.4560546875 4682.708984375 10861.332554022816 219214
