10 585.9375 585.9375
20 641.07421875 1227.01171875
30 796.11328125 2023.125
40 828.80859375 2851.93359375
50 704.94140625 3556.875
60 603.6328125 4160.5078125
70 842.9296875 5003.4375
80 850.078125 5853.515625
90 633.80859375 6487.32421875
100 927.36328125 7414.6875
110 717.36328125 8132.05078125
120 723.8671875 8855.91796875
130 989.53125 9845.44921875
140 756.4453125 10601.89453125
150 1025.390625 11627.28515625
160 689.53125 12316.81640625
170 632.40234375 12949.21875
180 930.17578125 13879.39453125
190 769.04296875 14648.4375
200 644.53125 15292.96875
210 788.0859375 16081.0546875
220 770.56640625 16851.62109375
230 812.16796875 17663.7890625
240 686.89453125 18350.68359375
250 959.70703125 19310.390625
260 751.640625 20062.03125
270 1090.3125 21152.34375
280 762.1875 21914.53125
290 592.55859375 22507.08984375
300 989.00390625 23496.09375
310 761.6015625 24257.6953125
320 920.7421875 25178.4375
330 661.46484375 25839.90234375
340 983.49609375 26823.3984375
350 735.8203125 27559.21875
360 673.18359375 28232.40234375
370 815.09765625 29047.5
380 953.0859375 30000.5859375
390 730.48828125 30731.07421875
400 1015.72265625 31746.796875
410 1066.2890625 32813.0859375
420 644.53125 33457.6171875
430 1038.10546875 34495.72265625
440 719.70703125 35215.4296875
450 939.08203125 36154.51171875
460 818.671875 36973.18359375
470 924.78515625 37897.96875
480 787.44140625 38685.41015625
490 640.3125 39325.72265625
500 995.7421875 40321.46484375
510 845.15625 41166.62109375
520 924.7265625 42091.34765625
530 741.26953125 42832.6171875
540 871.58203125 43704.19921875
550 844.921875 44549.12109375
560 659.53125 45208.65234375
570 973.9453125 46182.59765625
580 751.58203125 46934.1796875
590 1018.41796875 47952.59765625
600 682.20703125 48634.8046875
610 751.9921875 49386.796875
620 590.390625 49977.1875
630 1089.66796875 51066.85546875
640 899.765625 51966.62109375
650 404.0625 52370.68359375
660 958.76953125 53329.453125
670 1151.30859375 54480.76171875
680 656.54296875 55137.3046875
690 975.99609375 56113.30078125
700 781.81640625 56895.1171875
710 883.18359375 57778.30078125
720 660.76171875 58439.0625
730 872.109375 59311.171875
740 572.2265625 59883.3984375
750 1134.08203125 61017.48046875
760 611.66015625 61629.140625
770 1125.3515625 62754.4921875
780 1083.69140625 63838.18359375
790 682.08984375 64520.2734375
800 627.890625 65148.1640625
810 1121.953125 66270.1171875
820 1009.1015625 67279.21875
830 748.7109375 68027.9296875
840 602.9296875 68630.859375
850 1056.9140625 69687.7734375
860 674.53125 70362.3046875
870 896.6015625 71258.90625
880 843.1640625 72102.0703125
890 824.35546875 72926.42578125
900 431.25 73357.67578125
910 1062.0703125 74419.74609375
920 943.41796875 75363.1640625
930 865.25390625 76228.41796875
940 696.2109375 76924.62890625
950 1064.23828125 77988.8671875
960 574.74609375 78563.61328125
970 1114.921875 79678.53515625
980 710.33203125 80388.8671875
990 931.5234375 81320.390625
1000 787.91015625 82108.30078125
1010 617.63671875 82725.9375
1020 1121.71875 83847.65625
1030 612.12890625 84459.78515625
1040 1058.84765625 85518.6328125
1050 691.11328125 86209.74609375
1060 1095.52734375 87305.2734375
1070 636.97265625 87942.24609375
1080 787.1484375 88729.39453125
1090 1069.21875 89798.61328125
1100 1022.87109375 90821.484375
1110 690 91511.484375
1120 1067.8125 92579.296875
1130 644.53125 93223.828125
1140 693.22265625 93917.05078125
1150 1064.58984375 94981.640625
1160 602.9296875 95584.5703125
1170 620.33203125 96204.90234375
1180 1120.48828125 97325.390625
1190 698.02734375 98023.41796875
1200 1101.85546875 99125.2734375
1210 777.48046875 99902.75390625
1220 989.47265625 100892.2265625
1230 1048.41796875 101940.64453125
1240 652.08984375 102592.734375
1250 1028.84765625 103621.58203125
1260 789.90234375 104411.484375
1270 874.6875 105286.171875
1280 854.12109375 106140.29296875
1290 1038.3984375 107178.69140625
1300 875.625 108054.31640625
1310 871.0546875 108925.37109375
1320 763.30078125 109688.671875
1330 617.75390625 110306.42578125
1340 1089.31640625 111395.7421875
1350 677.51953125 112073.26171875
1360 1049.47265625 113122.734375
1370 936.62109375 114059.35546875
1380 661.34765625 114720.703125
1390 805.3125 115526.015625
1400 1120.37109375 116646.38671875
1410 793.18359375 117439.5703125
1420 920.9765625 118360.546875
1430 689.35546875 119049.90234375
1440 972.94921875 120022.8515625
1450 1006.5234375 121029.375
1460 848.49609375 121877.87109375
1470 731.25 122609.12109375
1480 994.453125 123603.57421875
1490 720.703125 124324.27734375
1500 994.453125 125318.73046875
1510 725.44921875 126044.1796875
1520 758.61328125 126802.79296875
1530 992.63671875 127795.4296875
1540 1076.30859375 128871.73828125
1549 847.20703125 129718.9453125
