10 6404.21875 6404.21875
20 7497.9296875 13902.1484375
30 9001.3671875 22903.515625
40 9010.6640625 31914.1796875
50 8393.0859375 40307.265625
60 6584.1796875 46891.4453125
70 9765.0390625 56656.484375
80 9569.8046875 66226.2890625
90 7162.578125 73388.8671875
100 10571.875 83960.7421875
110 7882.421875 91843.1640625
120 8266.25 100109.4140625
130 10962.34375 111071.7578125
140 8999.375 120071.1328125
150 11009.4921875 131080.625
160 8288.828125 139369.453125
170 7304.6875 146674.140625
180 9899.84375 156573.984375
190 8840.6640625 165414.6484375
200 7768.8671875 173183.515625
210 8397.734375 181581.25
220 9229.140625 190810.390625
230 9018.6328125 199829.0234375
240 7930.234375 207759.2578125
250 10868.7109375 218627.96875
260 8442.890625 227070.859375
270 12432.578125 239503.4375
280 7969.4140625 247472.8515625
290 6904.921875 254377.7734375
300 11591.2109375 265968.984375
310 7915.625 273884.609375
320 11150.9375 285035.546875
330 7496.6015625 292532.1484375
340 10482.2265625 303014.375
350 8781.5625 311795.9375
360 7446.796875 319242.734375
370 9543.90625 328786.640625
380 10589.140625 339375.78125
390 8197.8515625 347573.6328125
400 11601.171875 359174.8046875
410 12386.7578125 371561.5625
420 7304.6875 378866.25
430 11266.484375 390132.734375
440 8655.390625 398788.125
450 9892.5390625 408680.6640625
460 9997.4609375 418678.125
470 9855.3515625 428533.4765625
480 9393.1640625 437926.640625
490 7371.7578125 445298.3984375
500 11000.1953125 456298.59375
510 9225.15625 465523.75
520 10427.109375 475950.859375
530 9000.703125 484951.5625
540 9341.3671875 494292.9296875
550 10103.046875 504395.9765625
560 7382.3828125 511778.359375
570 11130.3515625 522908.7109375
580 8517.9296875 531426.640625
590 10599.765625 542026.40625
600 8585 550611.40625
610 8420.9765625 559032.3828125
620 6659.21875 565691.6015625
630 12254.609375 577946.2109375
640 9686.6796875 587632.890625
650 4985.78125 592618.671875
660 10900.5859375 603519.2578125
670 13159.0625 616678.3203125
680 7450.78125 624129.1015625
690 10467.6171875 634596.71875
700 9454.2578125 644050.9765625
710 9624.921875 653675.8984375
720 7624.1015625 661300
730 10008.0859375 671308.0859375
740 6591.484375 677899.5703125
750 12629.140625 690528.7109375
760 6938.125 697466.8359375
770 12874.84375 710341.6796875
780 12270.546875 722612.2265625
790 7642.6953125 730254.921875
800 7128.7109375 737383.6328125
810 12790.5078125 750174.140625
820 10976.953125 761151.09375
830 8944.921875 770096.015625
840 6622.6953125 776718.7109375
850 11983.0078125 788701.71875
860 7790.78125 796492.5
870 10161.484375 806653.984375
880 9555.1953125 816209.1796875
890 8933.6328125 825142.8125
900 4994.4140625 830137.2265625
910 12251.953125 842389.1796875
920 10152.8515625 852542.03125
930 10391.9140625 862933.9453125
940 7849.8828125 870783.828125
950 12089.2578125 882873.0859375
960 6219.609375 889092.6953125
970 12809.1015625 901901.796875
980 7939.53125 909841.328125
990 10452.34375 920293.671875
1000 8990.7421875 929284.4140625
1010 7043.7109375 936328.125
1020 12811.7578125 949139.8828125
1030 6723.6328125 955863.515625
1040 12109.84375 967973.359375
1050 7693.828125 975667.1875
1060 12605.8984375 988273.0859375
1070 7168.5546875 995441.640625
1080 8869.21875 1004310.859375
1090 11668.90625 1015979.765625
1100 12086.6015625 1028066.3671875
1110 7416.9140625 1035483.28125
1120 12060.0390625 1047543.3203125
1130 7749.609375 1055292.9296875
1140 7750.9375 1063043.8671875
1150 12169.609375 1075213.4765625
1160 6708.359375 1081921.8359375
1170 6840.5078125 1088762.34375
1180 13013.6328125 1101775.9765625
1190 7865.8203125 1109641.796875
1200 12177.578125 1121819.375
1210 9088.359375 1130907.734375
1220 11164.8828125 1142072.6171875
1230 11832.9296875 1153905.546875
1240 7294.7265625 1161200.2734375
1250 11907.3046875 1173107.578125
1260 8575.0390625 1181682.6171875
1270 9745.1171875 1191427.734375
1280 10053.90625 1201481.640625
1290 11335.546875 1212817.1875
1300 9804.21875 1222621.40625
1310 10449.0234375 1233070.4296875
1320 8244.3359375 1241314.765625
1330 7389.6875 1248704.453125
1340 12226.0546875 1260930.5078125
1350 7624.1015625 1268554.609375
1360 11835.5859375 1280390.1953125
1370 10483.5546875 1290873.75
1380 7633.3984375 1298507.1484375
1390 9164.7265625 1307671.875
1400 12799.140625 1320471.015625
1410 8315.390625 1328786.40625
1420 11101.796875 1339888.203125
1430 7611.484375 1347499.6875
1440 10837.5 1358337.1875
1450 11082.5390625 1369419.7265625
1460 10159.4921875 1379579.21875
1470 8096.25 1387675.46875
1480 11153.59375 1398829.0625
1490 8146.0546875 1406975.1171875
1500 10818.2421875 1417793.359375
1510 8689.921875 1426483.28125
1520 8719.8046875 1435203.0859375
1530 11306.328125 1446509.4140625
1540 11767.8515625 1458277.265625
1549 10029.3359375 1468306.6015625
