0 61.8 618
10 138.2 2000
20 100 3000
30 178.2 4782
40 121.8 6000
50 100 7000
60 177.5 8775
70 122.5 10000
80 100 11000
90 139.2 12392
100 160.8 14000
110 100 15000
120 153.4 16534
130 146.6 18000
140 102.1 19021
150 189.4 20915
160 108.5 22000
170 100.2 23002
180 189.2 24894
190 110.6 26000
200 100 27000
210 182.2 28822
220 117.8 30000
230 121.8 31218
240 178.2 33000
250 107.5 34075
260 192.5 36000
270 100 37000
280 135.6 38356
290 164.4 40000
300 100 41000
310 175.9 42759
320 124.1 44000
330 100.1 45001
340 193.6 46937
350 106.4 48001
360 114.4 49145
370 185.6 51001
380 139.7 52398
390 160.3 54001
400 163.4 55635
410 136.6 57001
420 119.1 58192
430 180.9 60001
440 100 61001
450 200 63001
460 100 64001
470 182.8 65829
480 117.2 67001
490 149.2 68493
500 150.8 70001
510 131.2 71313
520 168.8 73001
530 100 74001
540 200 76001
550 100 77001
560 194.1 78942
570 105.9 80001
580 106.8 81069
590 193.2 83001
600 100 84001
610 200 86001
620 100 87001
630 173.3 88734
640 126.7 90001
650 100 91001
660 169 92691
670 131 94001
680 100 95001
690 200 97001
700 100 98001
710 176.6 99767
720 123.4 101001
730 141.4 102415
740 158.6 104001
750 121.5 105216
760 178.5 107001
770 109.5 108096
780 190.5 110001
790 105.3 111054
800 194.7 113001
810 141.9 114420
820 158.1 116001
830 100 117001
840 200 119001
850 100 120001
860 174.5 121746
870 125.5 123001
880 100 124001
890 159.1 125592
900 140.9 127001
910 104.5 128046
920 195.5 130001
930 100 131001
940 200 133001
950 100 134001
960 200 136001
970 100 137001
980 197.1 138972
990 102.9 140001
1000 117.1 141172
1010 182.9 143001
1020 100 144001
1030 200 146001
1040 100 147001
1050 157.7 148578
1060 142.3 150001
1070 151.9 151520
1080 148.1 153001
1090 135.7 154358
1100 164.4 156002
1110 129.6 157298
1120 170.4 159002
1130 100 160002
1140 200 162002
1150 100 163002
1160 200 165002
1170 100 166002
1180 139.7 167399
1190 160.3 169002
1200 178.5 170787
1210 121.5 172002
1220 200 174002
1230 100 175002
1240 179.4 176796
1250 120.6 178002
1260 131.1 179313
1270 168.9 181002
1280 144 182442
1290 156 184002
1300 159.8 185600
1310 140.2 187002
1320 184.4 188846
1330 115.6 190002
1340 200 192002
1350 100 193002
1360 100 194002
1370 200 196002
1380 100 197002
1390 200 199002
1400 100 200002
1410 189.1 201893
1420 110.9 203002
1430 200 205002
1440 100 206002
1450 200 208002
1460 100 209002
1470 200 211002
1480 100 212002
1490 152.9 213531
1500 147.1 215002
1510 133.9 216341
1520 166.1 218002
1530 115.3 219155
1540 184.7 221002
1549 38.5 221387
