0 618 618
10 1000 2000
20 1058 2000
30 1390 2000
40 1608 2000
50 1296 2000
60 2196 2196
70 1512 2241
80 1071 2241
90 1768 2241
100 1384 2241
110 1273 2241
120 1544 2241
130 2000 2241
140 1021 2241
150 1915 2241
160 1000 2241
170 1002 2241
180 1873 2330
190 1000 2330
200 1000 2330
210 1930 2330
220 1032 2330
230 1218 2330
240 2000 2330
250 1384 2504
260 2000 2504
270 1000 2504
280 1780 2504
290 1646 2504
300 1000 2504
310 2206 2504
320 1032 2504
330 1001 2504
340 1936 2504
350 1000 2504
360 1144 2504
370 2000 2504
380 1397 2504
390 1938 2504
400 1634 2504
410 1000 2504
420 1191 2504
430 1708 2504
440 1000 2504
450 2168 2504
460 1000 2504
470 2220 2504
480 1000 2504
490 1492 2504
500 1461 2653
510 1312 2653
520 2000 2653
530 1000 2653
540 2000 2653
550 1480 2653
560 1941 2653
570 1203 2653
580 1068 2653
590 2508 2992
600 1785 2992
610 1768 2992
620 1581 2992
630 1733 2992
640 2224 2992
650 1800 2992
660 1790 2992
670 1000 2992
680 1000 2992
690 2000 2992
700 1000 2992
710 1766 2992
720 1549 2992
730 1414 2992
740 2000 2992
750 1215 2992
760 2000 2992
770 1095 2992
780 1056 2992
790 1053 2992
800 2000 2992
810 1419 2992
820 1808 2992
830 1000 2992
840 2570 2992
850 1164 2992
860 1904 2992
870 1482 2992
880 1053 2992
890 1591 2992
900 1717 2992
910 1193 2992
920 2000 2992
930 1000 2992
940 2000 2992
950 1000 2992
960 2587 2992
970 1064 2992
980 1971 2992
990 1320 2992
1000 1171 2992
1010 2000 2992
1020 1000 2992
1030 2000 2992
1040 1256 2992
1050 1577 2992
1060 1000 2992
1070 1648 2992
1080 1636 2992
1090 1357 2992
1100 1000 2992
1110 1296 2992
1120 1486 2992
1130 1000 2992
1140 2000 2992
1150 1000 2992
1160 2000 2992
1170 1504 2992
1180 1397 2992
1190 2000 2992
1200 1785 2992
1210 1000 2992
1220 2000 2992
1230 1159 2992
1240 2384 2992
1250 1326 2992
1260 1311 2992
1270 2000 2992
1280 1518 2992
1290 1850 2992
1300 1598 2992
1310 1000 2992
1320 1844 2992
1330 2000 2992
1340 2245 2992
1350 2000 2992
1360 1113 2992
1370 1480 2992
1380 1243 2992
1390 2000 2992
1400 1255 2992
1410 1895 2992
1420 1000 2992
1430 2000 2992
1440 1485 2992
1450 2000 2992
1460 1256 2992
1470 2000 2992
1480 1192 2992
1490 1529 2992
1500 2000 2992
1510 1429 2992
1520 2000 2992
1530 1153 2992
1540 1788 2992
1549 0 2992
